SessionID,ProfileName,IsOptimized,Timestamp,EventType,Payload
15,Baseline,False,0,ui_mode_change,"{""mode"": ""Static_HUD""}"
15,Baseline,False,0,ui_mode_change,"{""mode"": ""Static_HUD""}"
15,Baseline,False,0.3533333,head_tracking,"{""input_type"": ""HandTracking"",""h"": ""31.75,0.94,7.36"",""l"": ""0.00,0.00,0.00"",""r"": ""0.00,0.00,0.00""}"
15,Baseline,False,0.6218736,head_tracking,"{""input_type"": ""HandTracking"",""h"": ""31.75,0.94,7.36"",""l"": ""0.00,0.00,0.00"",""r"": ""0.00,0.00,0.00""}"
15,Baseline,False,0.8715938,head_tracking,"{""input_type"": ""HandTracking"",""h"": ""31.75,0.94,7.36"",""l"": ""0.00,0.00,0.00"",""r"": ""0.00,0.00,0.00""}"
15,Baseline,False,1.012068,gaze_sample,"{""target"": ""room-large-variation""}"
15,Baseline,False,1.386223,head_tracking,"{""input_type"": ""HandTracking"",""h"": ""31.67,2.15,7.40"",""l"": ""0.00,0.00,0.00"",""r"": ""0.00,0.00,0.00""}"
15,Baseline,False,1.386223,gaze_sample,"{""target"": ""room-large-variation""}"
15,Baseline,False,1.555295,gaze_sample,"{""target"": ""room-large-variation""}"
15,Baseline,False,1.609398,head_tracking,"{""input_type"": ""HandTracking"",""h"": ""31.67,2.15,7.40"",""l"": ""0.00,0.00,0.00"",""r"": ""0.00,0.00,0.00""}"
15,Baseline,False,1.666771,gaze_sample,"{""target"": ""room-large-variation""}"
15,Baseline,False,1.767901,gaze_sample,"{""target"": ""room-large-variation""}"
15,Baseline,False,1.823655,head_tracking,"{""input_type"": ""HandTracking"",""h"": ""31.67,2.15,7.40"",""l"": ""0.00,0.00,0.00"",""r"": ""0.00,0.00,0.00""}"
15,Baseline,False,1.879178,gaze_sample,"{""target"": ""room-large-variation""}"
15,Baseline,False,1.990426,gaze_sample,"{""target"": ""room-large-variation""}"
15,Baseline,False,2.032022,head_tracking,"{""input_type"": ""HandTracking"",""h"": ""31.67,2.16,7.40"",""l"": ""0.00,0.00,0.00"",""r"": ""0.00,0.00,0.00""}"
15,Baseline,False,2.102348,gaze_sample,"{""target"": ""room-large-variation""}"
15,Baseline,False,2.213723,gaze_sample,"{""target"": ""room-large-variation""}"
15,Baseline,False,2.241872,head_tracking,"{""input_type"": ""HandTracking"",""h"": ""31.67,2.16,7.40"",""l"": ""0.00,0.00,0.00"",""r"": ""0.00,0.00,0.00""}"
15,Baseline,False,2.324359,gaze_sample,"{""target"": ""room-large-variation""}"
15,Baseline,False,2.435486,gaze_sample,"{""target"": ""room-large-variation""}"
15,Baseline,False,2.450094,head_tracking,"{""input_type"": ""HandTracking"",""h"": ""31.66,2.16,7.40"",""l"": ""0.00,0.00,0.00"",""r"": ""0.00,0.00,0.00""}"
15,Baseline,False,2.548344,gaze_sample,"{""target"": ""room-large-variation""}"
15,Baseline,False,2.658315,head_tracking,"{""input_type"": ""HandTracking"",""h"": ""31.66,2.16,7.40"",""l"": ""0.00,0.00,0.00"",""r"": ""0.00,0.00,0.00""}"
15,Baseline,False,2.658315,gaze_sample,"{""target"": ""room-large-variation""}"
15,Baseline,False,2.769938,gaze_sample,"{""target"": ""room-large-variation""}"
15,Baseline,False,2.867267,head_tracking,"{""input_type"": ""HandTracking"",""h"": ""31.66,2.16,7.40"",""l"": ""0.00,0.00,0.00"",""r"": ""0.00,0.00,0.00""}"
15,Baseline,False,2.881781,gaze_sample,"{""target"": ""room-large-variation""}"
15,Baseline,False,2.993198,gaze_sample,"{""target"": ""Roof""}"
15,Baseline,False,3.076287,head_tracking,"{""input_type"": ""HandTracking"",""h"": ""31.66,2.16,7.40"",""l"": ""0.00,0.00,0.00"",""r"": ""0.00,0.00,0.00""}"
15,Baseline,False,3.103783,gaze_sample,"{""target"": ""Roof""}"
15,Baseline,False,3.215403,gaze_sample,"{""target"": ""Roof""}"
15,Baseline,False,3.284745,head_tracking,"{""input_type"": ""HandTracking"",""h"": ""31.66,2.17,7.41"",""l"": ""0.00,0.00,0.00"",""r"": ""0.00,0.00,0.00""}"
15,Baseline,False,3.326492,gaze_sample,"{""target"": ""room-large-variation""}"
15,Baseline,False,3.437386,gaze_sample,"{""target"": ""room-large-variation""}"
15,Baseline,False,3.49317,head_tracking,"{""input_type"": ""HandTracking"",""h"": ""31.66,2.17,7.41"",""l"": ""0.00,0.00,0.00"",""r"": ""0.00,0.00,0.00""}"
15,Baseline,False,3.549494,gaze_sample,"{""target"": ""room-large-variation""}"
15,Baseline,False,3.660598,gaze_sample,"{""target"": ""room-large-variation""}"
15,Baseline,False,3.702129,head_tracking,"{""input_type"": ""HandTracking"",""h"": ""31.66,2.17,7.42"",""l"": ""0.00,0.00,0.00"",""r"": ""0.00,0.00,0.00""}"
15,Baseline,False,3.771302,gaze_sample,"{""target"": ""room-large-variation""}"
15,Baseline,False,3.882837,gaze_sample,"{""target"": ""Roof""}"
15,Baseline,False,3.910937,head_tracking,"{""input_type"": ""HandTracking"",""h"": ""31.67,2.17,7.42"",""l"": ""0.00,0.00,0.00"",""r"": ""0.00,0.00,0.00""}"
15,Baseline,False,3.994618,gaze_sample,"{""target"": ""Roof""}"
15,Baseline,False,4.104955,gaze_sample,"{""target"": ""Roof""}"
15,Baseline,False,4.118866,head_tracking,"{""input_type"": ""HandTracking"",""h"": ""31.67,2.17,7.42"",""l"": ""0.00,0.00,0.00"",""r"": ""0.00,0.00,0.00""}"
15,Baseline,False,4.216094,gaze_sample,"{""target"": ""Roof""}"
15,Baseline,False,4.327573,head_tracking,"{""input_type"": ""HandTracking"",""h"": ""31.67,2.17,7.42"",""l"": ""0.00,0.00,0.00"",""r"": ""0.00,0.00,0.00""}"
15,Baseline,False,4.327573,gaze_sample,"{""target"": ""Roof""}"
15,Baseline,False,4.43928,gaze_sample,"{""target"": ""Roof""}"
15,Baseline,False,4.535158,head_tracking,"{""input_type"": ""HandTracking"",""h"": ""31.67,2.17,7.42"",""l"": ""0.00,0.00,0.00"",""r"": ""0.00,0.00,0.00""}"
15,Baseline,False,4.549373,gaze_sample,"{""target"": ""Roof""}"
15,Baseline,False,4.661484,gaze_sample,"{""target"": ""Roof""}"
15,Baseline,False,4.743891,head_tracking,"{""input_type"": ""HandTracking"",""h"": ""31.67,2.17,7.42"",""l"": ""0.00,0.00,0.00"",""r"": ""0.00,0.00,0.00""}"
15,Baseline,False,4.771489,gaze_sample,"{""target"": ""Roof""}"
15,Baseline,False,4.882862,gaze_sample,"{""target"": ""Roof""}"
15,Baseline,False,4.952485,head_tracking,"{""input_type"": ""HandTracking"",""h"": ""31.67,2.17,7.42"",""l"": ""0.00,0.00,0.00"",""r"": ""0.00,0.00,0.00""}"
15,Baseline,False,4.993821,gaze_sample,"{""target"": ""Roof""}"
15,Baseline,False,5.105085,gaze_sample,"{""target"": ""Roof""}"
15,Baseline,False,5.160587,head_tracking,"{""input_type"": ""HandTracking"",""h"": ""31.67,2.17,7.42"",""l"": ""0.00,0.00,0.00"",""r"": ""0.00,0.00,0.00""}"
15,Baseline,False,5.21631,gaze_sample,"{""target"": ""Roof""}"
15,Baseline,False,5.328627,gaze_sample,"{""target"": ""Roof""}"
15,Baseline,False,5.368751,head_tracking,"{""input_type"": ""HandTracking"",""h"": ""31.68,2.17,7.42"",""l"": ""0.00,0.00,0.00"",""r"": ""0.00,0.00,0.00""}"
15,Baseline,False,5.43847,gaze_sample,"{""target"": ""Roof""}"
15,Baseline,False,5.54955,gaze_sample,"{""target"": ""Roof""}"
15,Baseline,False,5.577344,head_tracking,"{""input_type"": ""HandTracking"",""h"": ""31.67,2.17,7.42"",""l"": ""0.00,0.00,0.00"",""r"": ""0.00,0.00,0.00""}"
15,Baseline,False,5.660821,gaze_sample,"{""target"": ""Roof""}"
15,Baseline,False,5.772051,gaze_sample,"{""target"": ""Roof""}"
15,Baseline,False,5.786129,head_tracking,"{""input_type"": ""HandTracking"",""h"": ""31.67,2.17,7.42"",""l"": ""0.00,0.00,0.00"",""r"": ""0.00,0.00,0.00""}"
15,Baseline,False,5.883132,gaze_sample,"{""target"": ""Roof""}"
15,Baseline,False,5.994493,head_tracking,"{""input_type"": ""HandTracking"",""h"": ""31.67,2.17,7.42"",""l"": ""0.00,0.00,0.00"",""r"": ""0.00,0.00,0.00""}"
15,Baseline,False,5.994493,gaze_sample,"{""target"": ""Roof""}"
15,Baseline,False,6.106062,gaze_sample,"{""target"": ""Roof""}"
15,Baseline,False,6.202718,head_tracking,"{""input_type"": ""HandTracking"",""h"": ""31.67,2.17,7.42"",""l"": ""0.00,0.00,0.00"",""r"": ""0.00,0.00,0.00""}"
15,Baseline,False,6.216196,gaze_sample,"{""target"": ""Roof""}"
15,Baseline,False,6.328039,gaze_sample,"{""target"": ""Roof""}"
15,Baseline,False,6.411161,head_tracking,"{""input_type"": ""HandTracking"",""h"": ""31.67,2.17,7.42"",""l"": ""0.00,0.00,0.00"",""r"": ""0.00,0.00,0.00""}"
15,Baseline,False,6.438796,gaze_sample,"{""target"": ""Roof""}"
15,Baseline,False,6.549606,gaze_sample,"{""target"": ""room-large-variation""}"
15,Baseline,False,6.619347,head_tracking,"{""input_type"": ""HandTracking"",""h"": ""31.66,2.17,7.42"",""l"": ""0.00,0.00,0.00"",""r"": ""0.00,0.00,0.00""}"
15,Baseline,False,6.660847,gaze_sample,"{""target"": ""room-large-variation""}"
15,Baseline,False,6.772178,gaze_sample,"{""target"": ""room-large-variation""}"
15,Baseline,False,6.827559,head_tracking,"{""input_type"": ""HandTracking"",""h"": ""31.66,2.17,7.43"",""l"": ""0.00,0.00,0.00"",""r"": ""0.00,0.00,0.00""}"
15,Baseline,False,6.872396,gaze_sample,"{""target"": ""room-large-variation""}"
15,Baseline,False,6.980682,gaze_sample,"{""target"": ""room-large-variation""}"
15,Baseline,False,7.036164,head_tracking,"{""input_type"": ""HandTracking"",""h"": ""31.65,2.17,7.43"",""l"": ""0.00,0.00,0.00"",""r"": ""0.00,0.00,0.00""}"
15,Baseline,False,7.092746,gaze_sample,"{""target"": ""room-large-variation""}"
15,Baseline,False,7.202631,gaze_sample,"{""target"": ""room-large-variation""}"
15,Baseline,False,7.244426,head_tracking,"{""input_type"": ""HandTracking"",""h"": ""31.64,2.17,7.43"",""l"": ""0.00,0.00,0.00"",""r"": ""0.00,0.00,0.00""}"
15,Baseline,False,7.313638,gaze_sample,"{""target"": ""room-large-variation""}"
15,Baseline,False,7.424869,gaze_sample,"{""target"": ""room-large-variation""}"
15,Baseline,False,7.452612,head_tracking,"{""input_type"": ""HandTracking"",""h"": ""31.65,2.17,7.43"",""l"": ""0.00,0.00,0.00"",""r"": ""0.00,0.00,0.00""}"
15,Baseline,False,7.535878,gaze_sample,"{""target"": ""room-large-variation""}"
15,Baseline,False,7.646958,gaze_sample,"{""target"": ""room-large-variation""}"
15,Baseline,False,7.660891,head_tracking,"{""input_type"": ""HandTracking"",""h"": ""31.65,2.17,7.42"",""l"": ""0.00,0.00,0.00"",""r"": ""0.00,0.00,0.00""}"
15,Baseline,False,7.758293,gaze_sample,"{""target"": ""room-large-variation""}"
15,Baseline,False,7.86981,head_tracking,"{""input_type"": ""HandTracking"",""h"": ""31.66,2.17,7.42"",""l"": ""0.00,0.00,0.00"",""r"": ""0.00,0.00,0.00""}"
15,Baseline,False,7.86981,gaze_sample,"{""target"": ""room-large-variation""}"
15,Baseline,False,7.980647,gaze_sample,"{""target"": ""room-large-variation""}"
15,Baseline,False,8.077762,head_tracking,"{""input_type"": ""HandTracking"",""h"": ""31.67,2.17,7.41"",""l"": ""0.00,0.00,0.00"",""r"": ""0.00,0.00,0.00""}"
15,Baseline,False,8.091682,gaze_sample,"{""target"": ""room-large-variation""}"
15,Baseline,False,8.2026,gaze_sample,"{""target"": ""room-large-variation""}"
15,Baseline,False,8.286515,head_tracking,"{""input_type"": ""HandTracking"",""h"": ""31.68,2.17,7.41"",""l"": ""0.00,0.00,0.00"",""r"": ""0.00,0.00,0.00""}"
15,Baseline,False,8.313918,gaze_sample,"{""target"": ""room-large-variation""}"
15,Baseline,False,8.425117,gaze_sample,"{""target"": ""Roof""}"
15,Baseline,False,8.494517,head_tracking,"{""input_type"": ""HandTracking"",""h"": ""31.68,2.16,7.41"",""l"": ""0.00,0.00,0.00"",""r"": ""0.00,0.00,0.00""}"
15,Baseline,False,8.536334,gaze_sample,"{""target"": ""room-large-variation""}"
15,Baseline,False,8.647248,gaze_sample,"{""target"": ""room-large-variation""}"
15,Baseline,False,8.70303,head_tracking,"{""input_type"": ""HandTracking"",""h"": ""31.68,2.16,7.41"",""l"": ""0.00,0.00,0.00"",""r"": ""0.00,0.00,0.00""}"
15,Baseline,False,8.758506,gaze_sample,"{""target"": ""Roof""}"
15,Baseline,False,8.870816,gaze_sample,"{""target"": ""Roof""}"
15,Baseline,False,8.910976,head_tracking,"{""input_type"": ""HandTracking"",""h"": ""31.67,2.16,7.42"",""l"": ""0.00,0.00,0.00"",""r"": ""0.00,0.00,0.00""}"
15,Baseline,False,8.980599,gaze_sample,"{""target"": ""Roof""}"
15,Baseline,False,9.091753,gaze_sample,"{""target"": ""Roof""}"
15,Baseline,False,9.119519,head_tracking,"{""input_type"": ""HandTracking"",""h"": ""31.67,2.16,7.42"",""l"": ""0.00,0.00,0.00"",""r"": ""0.00,0.00,0.00""}"
15,Baseline,False,9.202902,gaze_sample,"{""target"": ""Roof""}"
15,Baseline,False,9.314107,gaze_sample,"{""target"": ""room-large-variation""}"
15,Baseline,False,9.329213,head_tracking,"{""input_type"": ""HandTracking"",""h"": ""31.66,2.17,7.42"",""l"": ""0.00,0.00,0.00"",""r"": ""0.00,0.00,0.00""}"
15,Baseline,False,9.424664,gaze_sample,"{""target"": ""room-large-variation""}"
15,Baseline,False,9.535839,head_tracking,"{""input_type"": ""HandTracking"",""h"": ""31.66,2.17,7.42"",""l"": ""0.00,0.00,0.00"",""r"": ""0.00,0.00,0.00""}"
15,Baseline,False,9.535839,gaze_sample,"{""target"": ""Roof""}"
15,Baseline,False,9.646952,gaze_sample,"{""target"": ""Roof""}"
15,Baseline,False,9.744391,head_tracking,"{""input_type"": ""HandTracking"",""h"": ""31.67,2.16,7.42"",""l"": ""0.00,0.00,0.00"",""r"": ""0.00,0.00,0.00""}"
15,Baseline,False,9.758206,gaze_sample,"{""target"": ""Roof""}"
15,Baseline,False,9.869265,gaze_sample,"{""target"": ""Roof""}"
15,Baseline,False,9.95373,head_tracking,"{""input_type"": ""HandTracking"",""h"": ""31.67,2.17,7.43"",""l"": ""0.00,0.00,0.00"",""r"": ""0.00,0.00,0.00""}"
15,Baseline,False,9.9803,gaze_sample,"{""target"": ""Roof""}"
15,Baseline,False,10.09155,gaze_sample,"{""target"": ""Roof""}"
15,Baseline,False,10.16082,head_tracking,"{""input_type"": ""HandTracking"",""h"": ""31.67,2.17,7.43"",""l"": ""0.00,0.00,0.00"",""r"": ""0.00,0.00,0.00""}"
15,Baseline,False,10.20275,gaze_sample,"{""target"": ""Roof""}"
15,Baseline,False,10.31433,gaze_sample,"{""target"": ""Roof""}"
15,Baseline,False,10.36939,head_tracking,"{""input_type"": ""HandTracking"",""h"": ""31.67,2.17,7.43"",""l"": ""0.00,0.00,0.00"",""r"": ""0.00,0.00,0.00""}"
15,Baseline,False,10.42492,gaze_sample,"{""target"": ""Roof""}"
15,Baseline,False,10.53617,gaze_sample,"{""target"": ""Roof""}"
15,Baseline,False,10.5792,head_tracking,"{""input_type"": ""HandTracking"",""h"": ""31.67,2.17,7.43"",""l"": ""0.00,0.00,0.00"",""r"": ""0.00,0.00,0.00""}"
15,Baseline,False,10.64709,gaze_sample,"{""target"": ""Roof""}"
15,Baseline,False,10.75867,gaze_sample,"{""target"": ""Roof""}"
15,Baseline,False,10.78631,head_tracking,"{""input_type"": ""HandTracking"",""h"": ""31.67,2.17,7.43"",""l"": ""0.00,0.00,0.00"",""r"": ""0.00,0.00,0.00""}"
15,Baseline,False,10.86938,gaze_sample,"{""target"": ""Roof""}"
15,Baseline,False,10.98055,gaze_sample,"{""target"": ""Roof""}"
15,Baseline,False,10.99449,head_tracking,"{""input_type"": ""HandTracking"",""h"": ""31.67,2.17,7.43"",""l"": ""0.00,0.00,0.00"",""r"": ""0.00,0.00,0.00""}"
15,Baseline,False,11.09152,gaze_sample,"{""target"": ""Roof""}"
15,Baseline,False,11.20252,head_tracking,"{""input_type"": ""HandTracking"",""h"": ""31.67,2.17,7.43"",""l"": ""0.00,0.00,0.00"",""r"": ""0.00,0.00,0.00""}"
15,Baseline,False,11.20252,gaze_sample,"{""target"": ""Roof""}"
15,Baseline,False,11.31487,gaze_sample,"{""target"": ""Roof""}"
15,Baseline,False,11.41107,head_tracking,"{""input_type"": ""HandTracking"",""h"": ""31.67,2.17,7.43"",""l"": ""0.00,0.00,0.00"",""r"": ""0.00,0.00,0.00""}"
15,Baseline,False,11.42498,gaze_sample,"{""target"": ""Roof""}"
15,Baseline,False,11.53585,gaze_sample,"{""target"": ""Roof""}"
15,Baseline,False,11.61937,head_tracking,"{""input_type"": ""HandTracking"",""h"": ""31.67,2.17,7.43"",""l"": ""0.00,0.00,0.00"",""r"": ""0.00,0.00,0.00""}"
15,Baseline,False,11.64726,gaze_sample,"{""target"": ""Roof""}"
15,Baseline,False,11.75933,gaze_sample,"{""target"": ""Roof""}"
15,Baseline,False,11.82749,head_tracking,"{""input_type"": ""HandTracking"",""h"": ""31.67,2.17,7.43"",""l"": ""0.00,0.00,0.00"",""r"": ""0.00,0.00,0.00""}"
15,Baseline,False,11.86938,gaze_sample,"{""target"": ""Roof""}"
15,Baseline,False,11.98032,gaze_sample,"{""target"": ""Roof""}"
15,Baseline,False,12.03584,head_tracking,"{""input_type"": ""HandTracking"",""h"": ""31.67,2.17,7.42"",""l"": ""0.00,0.00,0.00"",""r"": ""0.00,0.00,0.00""}"
15,Baseline,False,12.09149,gaze_sample,"{""target"": ""Roof""}"
15,Baseline,False,12.20391,gaze_sample,"{""target"": ""Roof""}"
15,Baseline,False,12.24426,head_tracking,"{""input_type"": ""HandTracking"",""h"": ""31.67,2.17,7.43"",""l"": ""0.00,0.00,0.00"",""r"": ""0.00,0.00,0.00""}"
15,Baseline,False,12.3135,gaze_sample,"{""target"": ""Roof""}"
15,Baseline,False,12.42498,gaze_sample,"{""target"": ""Roof""}"
15,Baseline,False,12.45294,head_tracking,"{""input_type"": ""HandTracking"",""h"": ""31.67,2.17,7.43"",""l"": ""0.00,0.00,0.00"",""r"": ""0.00,0.00,0.00""}"
15,Baseline,False,12.53619,gaze_sample,"{""target"": ""Roof""}"
15,Baseline,False,12.64729,gaze_sample,"{""target"": ""Roof""}"
15,Baseline,False,12.66129,head_tracking,"{""input_type"": ""HandTracking"",""h"": ""31.67,2.17,7.43"",""l"": ""0.00,0.00,0.00"",""r"": ""0.00,0.00,0.00""}"
15,Baseline,False,12.75838,gaze_sample,"{""target"": ""Roof""}"
15,Baseline,False,12.86948,head_tracking,"{""input_type"": ""HandTracking"",""h"": ""31.67,2.17,7.42"",""l"": ""0.00,0.00,0.00"",""r"": ""0.00,0.00,0.00""}"
15,Baseline,False,12.86948,gaze_sample,"{""target"": ""Roof""}"
15,Baseline,False,12.98096,gaze_sample,"{""target"": ""Roof""}"
15,Baseline,False,13.07768,head_tracking,"{""input_type"": ""HandTracking"",""h"": ""31.67,2.17,7.42"",""l"": ""0.00,0.00,0.00"",""r"": ""0.00,0.00,0.00""}"
15,Baseline,False,13.09171,gaze_sample,"{""target"": ""Roof""}"
15,Baseline,False,13.20292,gaze_sample,"{""target"": ""Roof""}"
15,Baseline,False,13.28616,head_tracking,"{""input_type"": ""HandTracking"",""h"": ""31.67,2.17,7.42"",""l"": ""0.00,0.00,0.00"",""r"": ""0.00,0.00,0.00""}"
15,Baseline,False,13.31386,gaze_sample,"{""target"": ""Roof""}"
15,Baseline,False,13.42495,gaze_sample,"{""target"": ""Roof""}"
15,Baseline,False,13.49394,head_tracking,"{""input_type"": ""HandTracking"",""h"": ""31.67,2.17,7.42"",""l"": ""0.00,0.00,0.00"",""r"": ""0.00,0.00,0.00""}"
15,Baseline,False,13.53576,gaze_sample,"{""target"": ""Roof""}"
15,Baseline,False,13.64692,gaze_sample,"{""target"": ""Roof""}"
15,Baseline,False,13.70264,head_tracking,"{""input_type"": ""HandTracking"",""h"": ""31.67,2.17,7.42"",""l"": ""0.00,0.00,0.00"",""r"": ""0.00,0.00,0.00""}"
15,Baseline,False,13.75823,gaze_sample,"{""target"": ""Roof""}"
15,Baseline,False,13.86914,gaze_sample,"{""target"": ""Roof""}"
15,Baseline,False,13.91081,head_tracking,"{""input_type"": ""HandTracking"",""h"": ""31.67,2.17,7.42"",""l"": ""0.00,0.00,0.00"",""r"": ""0.00,0.00,0.00""}"
15,Baseline,False,13.98032,gaze_sample,"{""target"": ""Roof""}"
15,Baseline,False,14.0913,gaze_sample,"{""target"": ""Roof""}"
15,Baseline,False,14.11929,head_tracking,"{""input_type"": ""HandTracking"",""h"": ""31.67,2.17,7.43"",""l"": ""0.00,0.00,0.00"",""r"": ""0.00,0.00,0.00""}"
15,Baseline,False,14.20252,gaze_sample,"{""target"": ""Roof""}"
15,Baseline,False,14.3135,gaze_sample,"{""target"": ""Roof""}"
15,Baseline,False,14.32755,head_tracking,"{""input_type"": ""HandTracking"",""h"": ""31.67,2.17,7.43"",""l"": ""0.00,0.00,0.00"",""r"": ""0.00,0.00,0.00""}"
15,Baseline,False,14.42474,gaze_sample,"{""target"": ""Roof""}"
15,Baseline,False,14.53604,head_tracking,"{""input_type"": ""HandTracking"",""h"": ""31.67,2.17,7.43"",""l"": ""0.00,0.00,0.00"",""r"": ""0.00,0.00,0.00""}"
15,Baseline,False,14.53604,gaze_sample,"{""target"": ""Roof""}"
15,Baseline,False,14.64763,gaze_sample,"{""target"": ""Roof""}"
15,Baseline,False,14.74562,head_tracking,"{""input_type"": ""HandTracking"",""h"": ""31.67,2.17,7.43"",""l"": ""0.00,0.00,0.00"",""r"": ""0.00,0.00,0.00""}"
15,Baseline,False,14.75822,gaze_sample,"{""target"": ""Roof""}"
15,Baseline,False,14.86911,gaze_sample,"{""target"": ""Roof""}"
15,Baseline,False,14.95261,head_tracking,"{""input_type"": ""HandTracking"",""h"": ""31.67,2.17,7.43"",""l"": ""0.00,0.00,0.00"",""r"": ""0.00,0.00,0.00""}"
15,Baseline,False,14.98036,gaze_sample,"{""target"": ""Roof""}"
15,Baseline,False,15.09164,gaze_sample,"{""target"": ""Roof""}"
15,Baseline,False,15.16095,head_tracking,"{""input_type"": ""HandTracking"",""h"": ""31.67,2.17,7.42"",""l"": ""0.00,0.00,0.00"",""r"": ""0.00,0.00,0.00""}"
15,Baseline,False,15.20261,gaze_sample,"{""target"": ""Roof""}"
15,Baseline,False,15.31369,gaze_sample,"{""target"": ""Roof""}"
15,Baseline,False,15.36897,head_tracking,"{""input_type"": ""HandTracking"",""h"": ""31.67,2.17,7.42"",""l"": ""0.00,0.00,0.00"",""r"": ""0.00,0.00,0.00""}"
15,Baseline,False,15.42484,gaze_sample,"{""target"": ""room-large-variation""}"
15,Baseline,False,15.53561,gaze_sample,"{""target"": ""room-large-variation""}"
15,Baseline,False,15.57734,head_tracking,"{""input_type"": ""HandTracking"",""h"": ""31.66,2.16,7.42"",""l"": ""0.00,0.00,0.00"",""r"": ""0.00,0.00,0.00""}"
15,Baseline,False,15.64692,gaze_sample,"{""target"": ""room-large-variation""}"
15,Baseline,False,15.758,gaze_sample,"{""target"": ""room-large-variation""}"
15,Baseline,False,15.78597,head_tracking,"{""input_type"": ""HandTracking"",""h"": ""31.67,2.16,7.42"",""l"": ""0.00,0.00,0.00"",""r"": ""0.00,0.00,0.00""}"
15,Baseline,False,15.86914,gaze_sample,"{""target"": ""room-large-variation""}"
15,Baseline,False,15.98045,gaze_sample,"{""target"": ""room-large-variation""}"
15,Baseline,False,15.99425,head_tracking,"{""input_type"": ""HandTracking"",""h"": ""31.67,2.16,7.42"",""l"": ""0.00,0.00,0.00"",""r"": ""0.00,0.00,0.00""}"
15,Baseline,False,16.0913,gaze_sample,"{""target"": ""room-large-variation""}"
15,Baseline,False,16.20258,head_tracking,"{""input_type"": ""HandTracking"",""h"": ""31.67,2.16,7.42"",""l"": ""0.00,0.00,0.00"",""r"": ""0.00,0.00,0.00""}"
15,Baseline,False,16.20258,gaze_sample,"{""target"": ""Roof""}"
15,Baseline,False,16.31349,gaze_sample,"{""target"": ""Roof""}"
15,Baseline,False,16.41125,head_tracking,"{""input_type"": ""HandTracking"",""h"": ""31.67,2.16,7.42"",""l"": ""0.00,0.00,0.00"",""r"": ""0.00,0.00,0.00""}"
15,Baseline,False,16.4248,gaze_sample,"{""target"": ""Roof""}"
15,Baseline,False,16.53597,gaze_sample,"{""target"": ""Roof""}"
15,Baseline,False,16.61951,head_tracking,"{""input_type"": ""HandTracking"",""h"": ""31.67,2.16,7.43"",""l"": ""0.00,0.00,0.00"",""r"": ""0.00,0.00,0.00""}"
15,Baseline,False,16.64713,gaze_sample,"{""target"": ""Roof""}"
15,Baseline,False,16.75828,gaze_sample,"{""target"": ""Roof""}"
15,Baseline,False,16.82756,head_tracking,"{""input_type"": ""HandTracking"",""h"": ""31.67,2.17,7.43"",""l"": ""0.00,0.00,0.00"",""r"": ""0.00,0.00,0.00""}"
15,Baseline,False,16.86934,gaze_sample,"{""target"": ""Roof""}"
15,Baseline,False,16.98059,gaze_sample,"{""target"": ""Roof""}"
15,Baseline,False,17.03621,head_tracking,"{""input_type"": ""HandTracking"",""h"": ""31.67,2.16,7.42"",""l"": ""0.00,0.00,0.00"",""r"": ""0.00,0.00,0.00""}"
15,Baseline,False,17.09158,gaze_sample,"{""target"": ""Roof""}"
15,Baseline,False,17.20275,gaze_sample,"{""target"": ""room-large-variation""}"
15,Baseline,False,17.2446,head_tracking,"{""input_type"": ""HandTracking"",""h"": ""31.67,2.16,7.42"",""l"": ""0.00,0.00,0.00"",""r"": ""0.00,0.00,0.00""}"
15,Baseline,False,17.31379,gaze_sample,"{""target"": ""room-large-variation""}"
15,Baseline,False,17.42487,gaze_sample,"{""target"": ""room-large-variation""}"
15,Baseline,False,17.45248,head_tracking,"{""input_type"": ""HandTracking"",""h"": ""31.68,2.16,7.42"",""l"": ""0.00,0.00,0.00"",""r"": ""0.00,0.00,0.00""}"
15,Baseline,False,17.53633,gaze_sample,"{""target"": ""room-large-variation""}"
15,Baseline,False,17.64692,gaze_sample,"{""target"": ""room-large-variation""}"
15,Baseline,False,17.66094,head_tracking,"{""input_type"": ""HandTracking"",""h"": ""31.68,2.16,7.42"",""l"": ""0.00,0.00,0.00"",""r"": ""0.00,0.00,0.00""}"
15,Baseline,False,17.75806,gaze_sample,"{""target"": ""room-large-variation""}"
15,Baseline,False,17.86899,head_tracking,"{""input_type"": ""HandTracking"",""h"": ""31.68,2.16,7.42"",""l"": ""0.00,0.00,0.00"",""r"": ""0.00,0.00,0.00""}"
15,Baseline,False,17.86899,gaze_sample,"{""target"": ""room-large-variation""}"
15,Baseline,False,17.98026,gaze_sample,"{""target"": ""room-large-variation""}"
15,Baseline,False,18.07743,head_tracking,"{""input_type"": ""HandTracking"",""h"": ""31.67,2.17,7.42"",""l"": ""0.00,0.00,0.00"",""r"": ""0.00,0.00,0.00""}"
15,Baseline,False,18.09123,gaze_sample,"{""target"": ""Roof""}"
15,Baseline,False,18.20249,gaze_sample,"{""target"": ""Roof""}"
15,Baseline,False,18.28629,head_tracking,"{""input_type"": ""HandTracking"",""h"": ""31.67,2.17,7.43"",""l"": ""0.00,0.00,0.00"",""r"": ""0.00,0.00,0.00""}"
15,Baseline,False,18.31477,gaze_sample,"{""target"": ""Roof""}"
15,Baseline,False,18.42487,gaze_sample,"{""target"": ""Roof""}"
15,Baseline,False,18.49429,head_tracking,"{""input_type"": ""HandTracking"",""h"": ""31.66,2.17,7.43"",""l"": ""0.00,0.00,0.00"",""r"": ""0.00,0.00,0.00""}"
15,Baseline,False,18.53608,gaze_sample,"{""target"": ""Roof""}"
15,Baseline,False,18.64713,gaze_sample,"{""target"": ""Roof""}"
15,Baseline,False,18.70307,head_tracking,"{""input_type"": ""HandTracking"",""h"": ""31.67,2.17,7.43"",""l"": ""0.00,0.00,0.00"",""r"": ""0.00,0.00,0.00""}"
15,Baseline,False,18.75813,gaze_sample,"{""target"": ""Roof""}"
15,Baseline,False,18.87019,gaze_sample,"{""target"": ""Roof""}"
15,Baseline,False,18.91054,head_tracking,"{""input_type"": ""HandTracking"",""h"": ""31.67,2.17,7.43"",""l"": ""0.00,0.00,0.00"",""r"": ""0.00,0.00,0.00""}"
15,Baseline,False,18.98055,gaze_sample,"{""target"": ""Roof""}"
15,Baseline,False,19.09156,gaze_sample,"{""target"": ""Roof""}"
15,Baseline,False,19.11909,head_tracking,"{""input_type"": ""HandTracking"",""h"": ""31.67,2.17,7.43"",""l"": ""0.00,0.00,0.00"",""r"": ""0.00,0.00,0.00""}"
15,Baseline,False,19.20237,gaze_sample,"{""target"": ""Roof""}"
15,Baseline,False,19.31364,gaze_sample,"{""target"": ""Roof""}"
15,Baseline,False,19.32766,head_tracking,"{""input_type"": ""HandTracking"",""h"": ""31.67,2.17,7.43"",""l"": ""0.00,0.00,0.00"",""r"": ""0.00,0.00,0.00""}"
15,Baseline,False,19.42471,gaze_sample,"{""target"": ""Roof""}"
15,Baseline,False,19.53539,head_tracking,"{""input_type"": ""HandTracking"",""h"": ""31.67,2.17,7.43"",""l"": ""0.00,0.00,0.00"",""r"": ""0.00,0.00,0.00""}"
15,Baseline,False,19.53539,gaze_sample,"{""target"": ""Roof""}"
15,Baseline,False,19.64656,gaze_sample,"{""target"": ""Roof""}"
15,Baseline,False,19.7439,head_tracking,"{""input_type"": ""HandTracking"",""h"": ""31.67,2.17,7.43"",""l"": ""0.00,0.00,0.00"",""r"": ""0.00,0.00,0.00""}"
15,Baseline,False,19.75776,gaze_sample,"{""target"": ""Roof""}"
15,Baseline,False,19.86877,gaze_sample,"{""target"": ""Roof""}"
15,Baseline,False,19.95228,head_tracking,"{""input_type"": ""HandTracking"",""h"": ""31.67,2.17,7.43"",""l"": ""0.00,0.00,0.00"",""r"": ""0.00,0.00,0.00""}"
15,Baseline,False,19.98,gaze_sample,"{""target"": ""Roof""}"
15,Baseline,False,20.09117,gaze_sample,"{""target"": ""Roof""}"
15,Baseline,False,20.16062,head_tracking,"{""input_type"": ""HandTracking"",""h"": ""31.67,2.17,7.43"",""l"": ""0.00,0.00,0.00"",""r"": ""0.00,0.00,0.00""}"
15,Baseline,False,20.20224,gaze_sample,"{""target"": ""Roof""}"
15,Baseline,False,20.31345,gaze_sample,"{""target"": ""Roof""}"
15,Baseline,False,20.36873,head_tracking,"{""input_type"": ""HandTracking"",""h"": ""31.68,2.17,7.43"",""l"": ""0.00,0.00,0.00"",""r"": ""0.00,0.00,0.00""}"
15,Baseline,False,20.42439,gaze_sample,"{""target"": ""Roof""}"
15,Baseline,False,20.53549,gaze_sample,"{""target"": ""Roof""}"
15,Baseline,False,20.57711,head_tracking,"{""input_type"": ""HandTracking"",""h"": ""31.68,2.17,7.43"",""l"": ""0.00,0.00,0.00"",""r"": ""0.00,0.00,0.00""}"
15,Baseline,False,20.64672,gaze_sample,"{""target"": ""Roof""}"
15,Baseline,False,20.75763,gaze_sample,"{""target"": ""Roof""}"
15,Baseline,False,20.78568,head_tracking,"{""input_type"": ""HandTracking"",""h"": ""31.68,2.17,7.42"",""l"": ""0.00,0.00,0.00"",""r"": ""0.00,0.00,0.00""}"
15,Baseline,False,20.86859,gaze_sample,"{""target"": ""Roof""}"
15,Baseline,False,20.97996,gaze_sample,"{""target"": ""Roof""}"
15,Baseline,False,20.99372,head_tracking,"{""input_type"": ""HandTracking"",""h"": ""31.68,2.17,7.42"",""l"": ""0.00,0.00,0.00"",""r"": ""0.00,0.00,0.00""}"
15,Baseline,False,21.09094,gaze_sample,"{""target"": ""Roof""}"
15,Baseline,False,21.20206,head_tracking,"{""input_type"": ""HandTracking"",""h"": ""31.68,2.17,7.42"",""l"": ""0.00,0.00,0.00"",""r"": ""0.00,0.00,0.00""}"
15,Baseline,False,21.20206,gaze_sample,"{""target"": ""Roof""}"
15,Baseline,False,21.31309,gaze_sample,"{""target"": ""Roof""}"
15,Baseline,False,21.41039,head_tracking,"{""input_type"": ""HandTracking"",""h"": ""31.68,2.17,7.43"",""l"": ""0.00,0.00,0.00"",""r"": ""0.00,0.00,0.00""}"
15,Baseline,False,21.42435,gaze_sample,"{""target"": ""Roof""}"
15,Baseline,False,21.53551,gaze_sample,"{""target"": ""Roof""}"
15,Baseline,False,21.61893,head_tracking,"{""input_type"": ""HandTracking"",""h"": ""31.68,2.17,7.43"",""l"": ""0.00,0.00,0.00"",""r"": ""0.00,0.00,0.00""}"
15,Baseline,False,21.64682,gaze_sample,"{""target"": ""Roof""}"
15,Baseline,False,21.75783,gaze_sample,"{""target"": ""Roof""}"
15,Baseline,False,21.82731,head_tracking,"{""input_type"": ""HandTracking"",""h"": ""31.67,2.17,7.43"",""l"": ""0.00,0.00,0.00"",""r"": ""0.00,0.00,0.00""}"
15,Baseline,False,21.86958,gaze_sample,"{""target"": ""Roof""}"
15,Baseline,False,21.9801,gaze_sample,"{""target"": ""Roof""}"
15,Baseline,False,22.03547,head_tracking,"{""input_type"": ""HandTracking"",""h"": ""31.67,2.17,7.43"",""l"": ""0.00,0.00,0.00"",""r"": ""0.00,0.00,0.00""}"
15,Baseline,False,22.09128,gaze_sample,"{""target"": ""Roof""}"
15,Baseline,False,22.20219,gaze_sample,"{""target"": ""Roof""}"
15,Baseline,False,22.2439,head_tracking,"{""input_type"": ""HandTracking"",""h"": ""31.67,2.17,7.43"",""l"": ""0.00,0.00,0.00"",""r"": ""0.00,0.00,0.00""}"
15,Baseline,False,22.31359,gaze_sample,"{""target"": ""Roof""}"
15,Baseline,False,22.42462,gaze_sample,"{""target"": ""Roof""}"
15,Baseline,False,22.45229,head_tracking,"{""input_type"": ""HandTracking"",""h"": ""31.67,2.17,7.42"",""l"": ""0.00,0.00,0.00"",""r"": ""0.00,0.00,0.00""}"
15,Baseline,False,22.5355,gaze_sample,"{""target"": ""Roof""}"
15,Baseline,False,22.64657,gaze_sample,"{""target"": ""Roof""}"
15,Baseline,False,22.6605,head_tracking,"{""input_type"": ""HandTracking"",""h"": ""31.67,2.17,7.42"",""l"": ""0.00,0.00,0.00"",""r"": ""0.00,0.00,0.00""}"
15,Baseline,False,22.75765,gaze_sample,"{""target"": ""Roof""}"
15,Baseline,False,22.86858,head_tracking,"{""input_type"": ""HandTracking"",""h"": ""31.67,2.17,7.42"",""l"": ""0.00,0.00,0.00"",""r"": ""0.00,0.00,0.00""}"
15,Baseline,False,22.86858,gaze_sample,"{""target"": ""Roof""}"
15,Baseline,False,22.97978,gaze_sample,"{""target"": ""Roof""}"
15,Baseline,False,23.07692,head_tracking,"{""input_type"": ""HandTracking"",""h"": ""31.67,2.17,7.42"",""l"": ""0.00,0.00,0.00"",""r"": ""0.00,0.00,0.00""}"
15,Baseline,False,23.09098,gaze_sample,"{""target"": ""Roof""}"
15,Baseline,False,23.20246,gaze_sample,"{""target"": ""Roof""}"
15,Baseline,False,23.28598,head_tracking,"{""input_type"": ""HandTracking"",""h"": ""31.67,2.16,7.42"",""l"": ""0.00,0.00,0.00"",""r"": ""0.00,0.00,0.00""}"
15,Baseline,False,23.31329,gaze_sample,"{""target"": ""Roof""}"
15,Baseline,False,23.42401,gaze_sample,"{""target"": ""room-large-variation""}"
15,Baseline,False,23.49347,head_tracking,"{""input_type"": ""HandTracking"",""h"": ""31.68,2.16,7.41"",""l"": ""0.00,0.00,0.00"",""r"": ""0.00,0.00,0.00""}"
15,Baseline,False,23.53518,gaze_sample,"{""target"": ""room-large-variation""}"
15,Baseline,False,23.6464,gaze_sample,"{""target"": ""Roof""}"
15,Baseline,False,23.70241,head_tracking,"{""input_type"": ""HandTracking"",""h"": ""31.68,2.16,7.41"",""l"": ""0.00,0.00,0.00"",""r"": ""0.00,0.00,0.00""}"
15,Baseline,False,23.75853,gaze_sample,"{""target"": ""Roof""}"
15,Baseline,False,23.86875,gaze_sample,"{""target"": ""room-large-variation""}"
15,Baseline,False,23.91046,head_tracking,"{""input_type"": ""HandTracking"",""h"": ""31.68,2.16,7.41"",""l"": ""0.00,0.00,0.00"",""r"": ""0.00,0.00,0.00""}"
15,Baseline,False,23.97967,gaze_sample,"{""target"": ""room-large-variation""}"
15,Baseline,False,24.09078,gaze_sample,"{""target"": ""room-large-variation""}"
15,Baseline,False,24.11922,head_tracking,"{""input_type"": ""HandTracking"",""h"": ""31.68,2.16,7.41"",""l"": ""0.00,0.00,0.00"",""r"": ""0.00,0.00,0.00""}"
15,Baseline,False,24.20218,gaze_sample,"{""target"": ""room-large-variation""}"
15,Baseline,False,24.31341,gaze_sample,"{""target"": ""room-large-variation""}"
15,Baseline,False,24.32712,head_tracking,"{""input_type"": ""HandTracking"",""h"": ""31.68,2.16,7.41"",""l"": ""0.00,0.00,0.00"",""r"": ""0.00,0.00,0.00""}"
15,Baseline,False,24.42427,gaze_sample,"{""target"": ""Roof""}"
15,Baseline,False,24.53664,head_tracking,"{""input_type"": ""HandTracking"",""h"": ""31.68,2.17,7.41"",""l"": ""0.00,0.00,0.00"",""r"": ""0.00,0.00,0.00""}"
15,Baseline,False,24.53664,gaze_sample,"{""target"": ""Roof""}"
15,Baseline,False,24.64669,gaze_sample,"{""target"": ""room-large-variation""}"
15,Baseline,False,24.74361,head_tracking,"{""input_type"": ""HandTracking"",""h"": ""31.68,2.16,7.41"",""l"": ""0.00,0.00,0.00"",""r"": ""0.00,0.00,0.00""}"
15,Baseline,False,24.75778,gaze_sample,"{""target"": ""room-large-variation""}"
15,Baseline,False,24.86857,gaze_sample,"{""target"": ""Roof""}"
15,Baseline,False,24.95208,head_tracking,"{""input_type"": ""HandTracking"",""h"": ""31.67,2.17,7.42"",""l"": ""0.00,0.00,0.00"",""r"": ""0.00,0.00,0.00""}"
15,Baseline,False,24.98029,gaze_sample,"{""target"": ""Roof""}"
15,Baseline,False,25.09089,gaze_sample,"{""target"": ""Roof""}"
15,Baseline,False,25.1603,head_tracking,"{""input_type"": ""HandTracking"",""h"": ""31.68,2.17,7.42"",""l"": ""0.00,0.00,0.00"",""r"": ""0.00,0.00,0.00""}"
15,Baseline,False,25.20173,gaze_sample,"{""target"": ""Roof""}"
15,Baseline,False,25.31296,gaze_sample,"{""target"": ""template-wall-detail-a""}"
15,Baseline,False,25.3687,head_tracking,"{""input_type"": ""HandTracking"",""h"": ""31.68,2.17,7.42"",""l"": ""0.00,0.00,0.00"",""r"": ""0.00,0.00,0.00""}"
15,Baseline,False,25.42474,gaze_sample,"{""target"": ""template-wall-detail-a""}"
15,Baseline,False,25.53623,gaze_sample,"{""target"": ""template-wall-detail-a""}"
15,Baseline,False,25.57795,head_tracking,"{""input_type"": ""HandTracking"",""h"": ""31.67,2.17,7.42"",""l"": ""0.00,0.00,0.00"",""r"": ""0.00,0.00,0.00""}"
15,Baseline,False,25.6475,gaze_sample,"{""target"": ""template-wall-detail-a""}"
15,Baseline,False,25.75879,gaze_sample,"{""target"": ""template-wall-detail-a""}"
15,Baseline,False,25.78656,head_tracking,"{""input_type"": ""HandTracking"",""h"": ""31.67,2.17,7.42"",""l"": ""0.00,0.00,0.00"",""r"": ""0.00,0.00,0.00""}"
15,Baseline,False,25.86983,gaze_sample,"{""target"": ""template-wall-detail-a""}"
15,Baseline,False,25.98199,gaze_sample,"{""target"": ""template-wall-detail-a""}"
15,Baseline,False,25.99488,head_tracking,"{""input_type"": ""HandTracking"",""h"": ""31.67,2.17,7.41"",""l"": ""0.00,0.00,0.00"",""r"": ""0.00,0.00,0.00""}"
15,Baseline,False,26.09199,gaze_sample,"{""target"": ""template-wall-detail-a""}"
15,Baseline,False,26.20299,head_tracking,"{""input_type"": ""HandTracking"",""h"": ""31.67,2.17,7.41"",""l"": ""0.00,0.00,0.00"",""r"": ""0.00,0.00,0.00""}"
15,Baseline,False,26.20299,gaze_sample,"{""target"": ""template-wall-detail-a""}"
15,Baseline,False,26.31436,gaze_sample,"{""target"": ""template-wall-detail-a""}"
15,Baseline,False,26.41135,head_tracking,"{""input_type"": ""HandTracking"",""h"": ""31.67,2.17,7.41"",""l"": ""0.00,0.00,0.00"",""r"": ""0.00,0.00,0.00""}"
15,Baseline,False,26.42525,gaze_sample,"{""target"": ""template-wall-detail-a""}"
15,Baseline,False,26.53629,gaze_sample,"{""target"": ""template-wall-detail-a""}"
15,Baseline,False,26.61971,head_tracking,"{""input_type"": ""HandTracking"",""h"": ""31.66,2.17,7.41"",""l"": ""0.00,0.00,0.00"",""r"": ""0.00,0.00,0.00""}"
15,Baseline,False,26.64897,gaze_sample,"{""target"": ""template-wall-detail-a""}"
15,Baseline,False,26.75866,gaze_sample,"{""target"": ""template-wall-detail-a""}"
15,Baseline,False,26.82808,head_tracking,"{""input_type"": ""HandTracking"",""h"": ""31.65,2.16,7.41"",""l"": ""0.00,0.00,0.00"",""r"": ""0.00,0.00,0.00""}"
15,Baseline,False,26.87011,gaze_sample,"{""target"": ""template-wall-detail-a""}"
15,Baseline,False,26.9806,gaze_sample,"{""target"": ""template-wall-detail-a""}"
15,Baseline,False,27.0363,head_tracking,"{""input_type"": ""HandTracking"",""h"": ""31.65,2.17,7.41"",""l"": ""0.00,0.00,0.00"",""r"": ""0.00,0.00,0.00""}"
15,Baseline,False,27.09171,gaze_sample,"{""target"": ""template-wall-detail-a""}"
15,Baseline,False,27.20298,gaze_sample,"{""target"": ""template-wall-detail-a""}"
15,Baseline,False,27.24472,head_tracking,"{""input_type"": ""HandTracking"",""h"": ""31.65,2.16,7.41"",""l"": ""0.00,0.00,0.00"",""r"": ""0.00,0.00,0.00""}"
15,Baseline,False,27.31414,gaze_sample,"{""target"": ""template-wall-detail-a""}"
15,Baseline,False,27.42495,gaze_sample,"{""target"": ""template-wall-detail-a""}"
15,Baseline,False,27.45299,head_tracking,"{""input_type"": ""HandTracking"",""h"": ""31.65,2.16,7.41"",""l"": ""0.00,0.00,0.00"",""r"": ""0.00,0.00,0.00""}"
15,Baseline,False,27.53624,gaze_sample,"{""target"": ""template-wall-detail-a""}"
15,Baseline,False,27.64728,gaze_sample,"{""target"": ""template-wall-detail-a""}"
15,Baseline,False,27.66109,head_tracking,"{""input_type"": ""HandTracking"",""h"": ""31.65,2.17,7.41"",""l"": ""0.00,0.00,0.00"",""r"": ""0.00,0.00,0.00""}"
15,Baseline,False,27.75849,gaze_sample,"{""target"": ""template-wall-detail-a""}"
15,Baseline,False,27.86976,head_tracking,"{""input_type"": ""HandTracking"",""h"": ""31.65,2.17,7.41"",""l"": ""0.00,0.00,0.00"",""r"": ""0.00,0.00,0.00""}"
15,Baseline,False,27.86976,gaze_sample,"{""target"": ""template-wall-detail-a""}"
15,Baseline,False,27.98058,gaze_sample,"{""target"": ""template-wall-detail-a""}"
15,Baseline,False,28.07794,head_tracking,"{""input_type"": ""HandTracking"",""h"": ""31.65,2.17,7.41"",""l"": ""0.00,0.00,0.00"",""r"": ""0.00,0.00,0.00""}"
15,Baseline,False,28.09174,gaze_sample,"{""target"": ""template-wall-detail-a""}"
15,Baseline,False,28.20294,gaze_sample,"{""target"": ""template-wall-detail-a""}"
15,Baseline,False,28.28642,head_tracking,"{""input_type"": ""HandTracking"",""h"": ""31.65,2.17,7.41"",""l"": ""0.00,0.00,0.00"",""r"": ""0.00,0.00,0.00""}"
15,Baseline,False,28.31446,gaze_sample,"{""target"": ""template-wall-detail-a""}"
15,Baseline,False,28.42525,gaze_sample,"{""target"": ""template-wall-detail-a""}"
15,Baseline,False,28.49441,head_tracking,"{""input_type"": ""HandTracking"",""h"": ""31.65,2.17,7.41"",""l"": ""0.00,0.00,0.00"",""r"": ""0.00,0.00,0.00""}"
15,Baseline,False,28.53607,gaze_sample,"{""target"": ""template-wall-detail-a""}"
15,Baseline,False,28.64731,gaze_sample,"{""target"": ""template-wall-detail-a""}"
15,Baseline,False,28.70299,head_tracking,"{""input_type"": ""HandTracking"",""h"": ""31.65,2.17,7.41"",""l"": ""0.00,0.00,0.00"",""r"": ""0.00,0.00,0.00""}"
15,Baseline,False,28.7586,gaze_sample,"{""target"": ""template-wall-detail-a""}"
15,Baseline,False,28.86952,gaze_sample,"{""target"": ""template-wall-detail-a""}"
15,Baseline,False,28.91127,head_tracking,"{""input_type"": ""HandTracking"",""h"": ""31.66,2.17,7.41"",""l"": ""0.00,0.00,0.00"",""r"": ""0.00,0.00,0.00""}"
15,Baseline,False,28.98084,gaze_sample,"{""target"": ""template-wall-detail-a""}"
15,Baseline,False,29.09195,gaze_sample,"{""target"": ""template-wall-detail-a""}"
15,Baseline,False,29.11973,head_tracking,"{""input_type"": ""HandTracking"",""h"": ""31.67,2.17,7.41"",""l"": ""0.00,0.00,0.00"",""r"": ""0.00,0.00,0.00""}"
15,Baseline,False,29.20298,gaze_sample,"{""target"": ""template-wall-detail-a""}"
15,Baseline,False,29.31387,gaze_sample,"{""target"": ""template-wall-detail-a""}"
15,Baseline,False,29.32807,head_tracking,"{""input_type"": ""HandTracking"",""h"": ""31.67,2.17,7.41"",""l"": ""0.00,0.00,0.00"",""r"": ""0.00,0.00,0.00""}"
15,Baseline,False,29.42508,gaze_sample,"{""target"": ""template-wall-detail-a""}"
15,Baseline,False,29.53633,head_tracking,"{""input_type"": ""HandTracking"",""h"": ""31.67,2.17,7.41"",""l"": ""0.00,0.00,0.00"",""r"": ""0.00,0.00,0.00""}"
15,Baseline,False,29.53633,gaze_sample,"{""target"": ""template-wall-detail-a""}"
15,Baseline,False,29.64748,gaze_sample,"{""target"": ""template-wall-detail-a""}"
15,Baseline,False,29.74442,head_tracking,"{""input_type"": ""HandTracking"",""h"": ""31.67,2.17,7.41"",""l"": ""0.00,0.00,0.00"",""r"": ""0.00,0.00,0.00""}"
15,Baseline,False,29.75839,gaze_sample,"{""target"": ""template-wall-detail-a""}"
15,Baseline,False,29.8697,gaze_sample,"{""target"": ""template-wall-detail-a""}"
15,Baseline,False,29.95285,head_tracking,"{""input_type"": ""HandTracking"",""h"": ""31.67,2.17,7.41"",""l"": ""0.00,0.00,0.00"",""r"": ""0.00,0.00,0.00""}"
15,Baseline,False,29.98057,gaze_sample,"{""target"": ""template-wall-detail-a""}"
15,Baseline,False,30.0917,gaze_sample,"{""target"": ""template-wall-detail-a""}"
15,Baseline,False,30.16115,head_tracking,"{""input_type"": ""HandTracking"",""h"": ""31.67,2.17,7.41"",""l"": ""0.00,0.00,0.00"",""r"": ""0.00,0.00,0.00""}"
15,Baseline,False,30.20291,gaze_sample,"{""target"": ""template-wall-detail-a""}"
15,Baseline,False,30.31397,gaze_sample,"{""target"": ""room-large-variation""}"
15,Baseline,False,30.36891,head_tracking,"{""input_type"": ""HandTracking"",""h"": ""31.67,2.17,7.41"",""l"": ""0.00,0.00,0.00"",""r"": ""0.00,0.00,0.00""}"
15,Baseline,False,30.42537,gaze_sample,"{""target"": ""room-large-variation""}"
15,Baseline,False,30.53447,gaze_sample,"{""target"": ""room-large-variation""}"
15,Baseline,False,30.57631,head_tracking,"{""input_type"": ""HandTracking"",""h"": ""31.67,2.17,7.41"",""l"": ""0.00,0.00,0.00"",""r"": ""0.00,0.00,0.00""}"
15,Baseline,False,30.64575,gaze_sample,"{""target"": ""Roof""}"
15,Baseline,False,30.75702,gaze_sample,"{""target"": ""Roof""}"
15,Baseline,False,30.78506,head_tracking,"{""input_type"": ""HandTracking"",""h"": ""31.68,2.17,7.41"",""l"": ""0.00,0.00,0.00"",""r"": ""0.00,0.00,0.00""}"
15,Baseline,False,30.86864,gaze_sample,"{""target"": ""template-wall-detail-a""}"
15,Baseline,False,30.98015,gaze_sample,"{""target"": ""template-wall-detail-a""}"
15,Baseline,False,30.99386,head_tracking,"{""input_type"": ""HandTracking"",""h"": ""31.68,2.17,7.41"",""l"": ""0.00,0.00,0.00"",""r"": ""0.00,0.00,0.00""}"
15,Baseline,False,31.09147,gaze_sample,"{""target"": ""template-wall-detail-a""}"
15,Baseline,False,31.2026,head_tracking,"{""input_type"": ""HandTracking"",""h"": ""31.68,2.17,7.41"",""l"": ""0.00,0.00,0.00"",""r"": ""0.00,0.00,0.00""}"
15,Baseline,False,31.2026,gaze_sample,"{""target"": ""template-wall-detail-a""}"
15,Baseline,False,31.31395,gaze_sample,"{""target"": ""template-wall-detail-a""}"
15,Baseline,False,31.41101,head_tracking,"{""input_type"": ""HandTracking"",""h"": ""31.68,2.17,7.41"",""l"": ""0.00,0.00,0.00"",""r"": ""0.00,0.00,0.00""}"
15,Baseline,False,31.4248,gaze_sample,"{""target"": ""template-wall-detail-a""}"
15,Baseline,False,31.53598,gaze_sample,"{""target"": ""template-wall-detail-a""}"
15,Baseline,False,31.61943,head_tracking,"{""input_type"": ""HandTracking"",""h"": ""31.68,2.17,7.41"",""l"": ""0.00,0.00,0.00"",""r"": ""0.00,0.00,0.00""}"
15,Baseline,False,31.64727,gaze_sample,"{""target"": ""Roof""}"
15,Baseline,False,31.75761,gaze_sample,"{""target"": ""Roof""}"
15,Baseline,False,31.82676,head_tracking,"{""input_type"": ""HandTracking"",""h"": ""31.68,2.17,7.41"",""l"": ""0.00,0.00,0.00"",""r"": ""0.00,0.00,0.00""}"
15,Baseline,False,31.86807,gaze_sample,"{""target"": ""Roof""}"
15,Baseline,False,31.9792,gaze_sample,"{""target"": ""Roof""}"
15,Baseline,False,32.03466,head_tracking,"{""input_type"": ""HandTracking"",""h"": ""31.68,2.17,7.41"",""l"": ""0.00,0.00,0.00"",""r"": ""0.00,0.00,0.00""}"
15,Baseline,False,32.09027,gaze_sample,"{""target"": ""Roof""}"
15,Baseline,False,32.20135,gaze_sample,"{""target"": ""Roof""}"
15,Baseline,False,32.24316,head_tracking,"{""input_type"": ""HandTracking"",""h"": ""31.68,2.17,7.41"",""l"": ""0.00,0.00,0.00"",""r"": ""0.00,0.00,0.00""}"
15,Baseline,False,32.31235,gaze_sample,"{""target"": ""Roof""}"
15,Baseline,False,32.4243,gaze_sample,"{""target"": ""template-wall-detail-a""}"
15,Baseline,False,32.4523,head_tracking,"{""input_type"": ""HandTracking"",""h"": ""31.68,2.17,7.41"",""l"": ""0.00,0.00,0.00"",""r"": ""0.00,0.00,0.00""}"
15,Baseline,False,32.53566,gaze_sample,"{""target"": ""template-wall-detail-a""}"
15,Baseline,False,32.64697,gaze_sample,"{""target"": ""template-wall-detail-a""}"
15,Baseline,False,32.6608,head_tracking,"{""input_type"": ""HandTracking"",""h"": ""31.68,2.17,7.41"",""l"": ""0.00,0.00,0.00"",""r"": ""0.00,0.00,0.00""}"
15,Baseline,False,32.75813,gaze_sample,"{""target"": ""template-wall-detail-a""}"
15,Baseline,False,32.86937,head_tracking,"{""input_type"": ""HandTracking"",""h"": ""31.68,2.17,7.41"",""l"": ""0.00,0.00,0.00"",""r"": ""0.00,0.00,0.00""}"
15,Baseline,False,32.86937,gaze_sample,"{""target"": ""template-wall-detail-a""}"
15,Baseline,False,32.98046,gaze_sample,"{""target"": ""template-wall-detail-a""}"
15,Baseline,False,33.07765,head_tracking,"{""input_type"": ""HandTracking"",""h"": ""31.68,2.17,7.41"",""l"": ""0.00,0.00,0.00"",""r"": ""0.00,0.00,0.00""}"
15,Baseline,False,33.09143,gaze_sample,"{""target"": ""template-wall-detail-a""}"
15,Baseline,False,33.2041,gaze_sample,"{""target"": ""template-wall-detail-a""}"
15,Baseline,False,33.28597,head_tracking,"{""input_type"": ""HandTracking"",""h"": ""31.68,2.16,7.41"",""l"": ""0.00,0.00,0.00"",""r"": ""0.00,0.00,0.00""}"
15,Baseline,False,33.31385,gaze_sample,"{""target"": ""template-wall-detail-a""}"
15,Baseline,False,33.425,gaze_sample,"{""target"": ""template-wall-detail-a""}"
15,Baseline,False,33.49441,head_tracking,"{""input_type"": ""HandTracking"",""h"": ""31.67,2.16,7.42"",""l"": ""0.00,0.00,0.00"",""r"": ""0.00,0.00,0.00""}"
15,Baseline,False,33.5361,gaze_sample,"{""target"": ""template-wall-detail-a""}"
15,Baseline,False,33.64727,gaze_sample,"{""target"": ""template-wall-detail-a""}"
15,Baseline,False,33.70316,head_tracking,"{""input_type"": ""HandTracking"",""h"": ""31.65,2.16,7.43"",""l"": ""0.00,0.00,0.00"",""r"": ""0.00,0.00,0.00""}"
15,Baseline,False,33.75884,gaze_sample,"{""target"": ""template-wall-detail-a""}"
15,Baseline,False,33.86943,gaze_sample,"{""target"": ""template-wall-detail-a""}"
15,Baseline,False,33.91102,head_tracking,"{""input_type"": ""HandTracking"",""h"": ""31.64,2.16,7.44"",""l"": ""0.00,0.00,0.00"",""r"": ""0.00,0.00,0.00""}"
15,Baseline,False,33.98045,gaze_sample,"{""target"": ""template-wall-detail-a""}"
15,Baseline,False,34.09169,gaze_sample,"{""target"": ""template-wall-detail-a""}"
15,Baseline,False,34.11957,head_tracking,"{""input_type"": ""HandTracking"",""h"": ""31.63,2.16,7.44"",""l"": ""0.00,0.00,0.00"",""r"": ""0.00,0.00,0.00""}"
15,Baseline,False,34.20277,gaze_sample,"{""target"": ""template-wall-detail-a""}"
15,Baseline,False,34.31395,gaze_sample,"{""target"": ""template-wall-detail-a""}"
15,Baseline,False,34.32787,head_tracking,"{""input_type"": ""HandTracking"",""h"": ""31.63,2.16,7.44"",""l"": ""0.00,0.00,0.00"",""r"": ""0.00,0.00,0.00""}"
15,Baseline,False,34.4248,gaze_sample,"{""target"": ""template-wall-detail-a""}"
15,Baseline,False,34.53597,head_tracking,"{""input_type"": ""HandTracking"",""h"": ""31.64,2.16,7.43"",""l"": ""0.00,0.00,0.00"",""r"": ""0.00,0.00,0.00""}"
15,Baseline,False,34.53597,gaze_sample,"{""target"": ""template-wall-detail-a""}"
15,Baseline,False,34.64695,gaze_sample,"{""target"": ""template-wall-detail-a""}"
15,Baseline,False,34.74422,head_tracking,"{""input_type"": ""HandTracking"",""h"": ""31.65,2.16,7.42"",""l"": ""0.00,0.00,0.00"",""r"": ""0.00,0.00,0.00""}"
15,Baseline,False,34.75823,gaze_sample,"{""target"": ""template-wall-detail-a""}"
15,Baseline,False,34.86932,gaze_sample,"{""target"": ""template-wall-detail-a""}"
15,Baseline,False,34.95247,head_tracking,"{""input_type"": ""HandTracking"",""h"": ""31.66,2.16,7.41"",""l"": ""0.00,0.00,0.00"",""r"": ""0.00,0.00,0.00""}"
15,Baseline,False,34.98026,gaze_sample,"{""target"": ""template-wall-detail-a""}"
15,Baseline,False,35.09152,gaze_sample,"{""target"": ""template-wall-detail-a""}"
15,Baseline,False,35.16122,head_tracking,"{""input_type"": ""HandTracking"",""h"": ""31.65,2.16,7.41"",""l"": ""0.00,0.00,0.00"",""r"": ""0.00,0.00,0.00""}"
15,Baseline,False,35.20266,gaze_sample,"{""target"": ""template-wall-detail-a""}"
15,Baseline,False,35.31358,gaze_sample,"{""target"": ""template-wall-detail-a""}"
15,Baseline,False,35.36924,head_tracking,"{""input_type"": ""HandTracking"",""h"": ""31.64,2.16,7.41"",""l"": ""0.00,0.00,0.00"",""r"": ""0.00,0.00,0.00""}"
15,Baseline,False,35.42467,gaze_sample,"{""target"": ""template-wall-detail-a""}"
15,Baseline,False,35.53578,gaze_sample,"{""target"": ""template-wall-detail-a""}"
15,Baseline,False,35.57762,head_tracking,"{""input_type"": ""HandTracking"",""h"": ""31.64,2.16,7.41"",""l"": ""0.00,0.00,0.00"",""r"": ""0.00,0.00,0.00""}"
15,Baseline,False,35.64713,gaze_sample,"{""target"": ""template-wall-detail-a""}"
15,Baseline,False,35.75794,gaze_sample,"{""target"": ""template-wall-detail-a""}"
15,Baseline,False,35.78603,head_tracking,"{""input_type"": ""HandTracking"",""h"": ""31.64,2.16,7.41"",""l"": ""0.00,0.00,0.00"",""r"": ""0.00,0.00,0.00""}"
15,Baseline,False,35.8688,gaze_sample,"{""target"": ""template-wall-detail-a""}"
15,Baseline,False,35.98013,gaze_sample,"{""target"": ""template-wall-detail-a""}"
15,Baseline,False,35.99407,head_tracking,"{""input_type"": ""HandTracking"",""h"": ""31.64,2.16,7.41"",""l"": ""0.00,0.00,0.00"",""r"": ""0.00,0.00,0.00""}"
15,Baseline,False,36.09143,gaze_sample,"{""target"": ""template-wall-detail-a""}"
15,Baseline,False,36.20288,head_tracking,"{""input_type"": ""HandTracking"",""h"": ""31.65,2.16,7.41"",""l"": ""0.00,0.00,0.00"",""r"": ""0.00,0.00,0.00""}"
15,Baseline,False,36.20288,gaze_sample,"{""target"": ""template-wall-detail-a""}"
15,Baseline,False,36.31385,gaze_sample,"{""target"": ""template-wall-detail-a""}"
15,Baseline,False,36.41092,head_tracking,"{""input_type"": ""HandTracking"",""h"": ""31.66,2.16,7.41"",""l"": ""0.00,0.00,0.00"",""r"": ""0.00,0.00,0.00""}"
15,Baseline,False,36.42475,gaze_sample,"{""target"": ""template-wall-detail-a""}"
15,Baseline,False,36.53747,gaze_sample,"{""target"": ""template-wall-detail-a""}"
15,Baseline,False,36.61919,head_tracking,"{""input_type"": ""HandTracking"",""h"": ""31.66,2.16,7.41"",""l"": ""0.00,0.00,0.00"",""r"": ""0.00,0.00,0.00""}"
15,Baseline,False,36.64682,gaze_sample,"{""target"": ""template-wall-detail-a""}"
15,Baseline,False,36.75893,gaze_sample,"{""target"": ""template-wall-detail-a""}"
15,Baseline,False,36.82778,head_tracking,"{""input_type"": ""HandTracking"",""h"": ""31.66,2.16,7.41"",""l"": ""0.00,0.00,0.00"",""r"": ""0.00,0.00,0.00""}"
15,Baseline,False,36.86929,gaze_sample,"{""target"": ""template-wall-detail-a""}"
15,Baseline,False,36.98035,gaze_sample,"{""target"": ""template-wall-detail-a""}"
15,Baseline,False,37.03592,head_tracking,"{""input_type"": ""HandTracking"",""h"": ""31.66,2.16,7.41"",""l"": ""0.00,0.00,0.00"",""r"": ""0.00,0.00,0.00""}"
15,Baseline,False,37.09098,gaze_sample,"{""target"": ""template-wall-detail-a""}"
15,Baseline,False,37.20243,gaze_sample,"{""target"": ""template-wall-detail-a""}"
15,Baseline,False,37.24438,head_tracking,"{""input_type"": ""HandTracking"",""h"": ""31.65,2.16,7.41"",""l"": ""0.00,0.00,0.00"",""r"": ""0.00,0.00,0.00""}"
15,Baseline,False,37.31371,gaze_sample,"{""target"": ""template-wall-detail-a""}"
15,Baseline,False,37.42493,gaze_sample,"{""target"": ""template-wall-detail-a""}"
15,Baseline,False,37.45272,head_tracking,"{""input_type"": ""HandTracking"",""h"": ""31.65,2.16,7.41"",""l"": ""0.00,0.00,0.00"",""r"": ""0.00,0.00,0.00""}"
15,Baseline,False,37.5359,gaze_sample,"{""target"": ""template-wall-detail-a""}"
15,Baseline,False,37.64715,gaze_sample,"{""target"": ""template-wall-detail-a""}"
15,Baseline,False,37.66108,head_tracking,"{""input_type"": ""HandTracking"",""h"": ""31.66,2.16,7.41"",""l"": ""0.00,0.00,0.00"",""r"": ""0.00,0.00,0.00""}"
15,Baseline,False,37.75805,gaze_sample,"{""target"": ""template-wall-detail-a""}"
15,Baseline,False,37.86891,head_tracking,"{""input_type"": ""HandTracking"",""h"": ""31.67,2.16,7.42"",""l"": ""0.00,0.00,0.00"",""r"": ""0.00,0.00,0.00""}"
15,Baseline,False,37.86891,gaze_sample,"{""target"": ""template-wall-detail-a""}"
15,Baseline,False,37.98031,gaze_sample,"{""target"": ""template-wall-detail-a""}"
15,Baseline,False,38.07788,head_tracking,"{""input_type"": ""HandTracking"",""h"": ""31.67,2.16,7.42"",""l"": ""0.00,0.00,0.00"",""r"": ""0.00,0.00,0.00""}"
15,Baseline,False,38.0914,gaze_sample,"{""target"": ""template-wall-detail-a""}"
15,Baseline,False,38.20238,gaze_sample,"{""target"": ""template-wall-detail-a""}"
15,Baseline,False,38.28582,head_tracking,"{""input_type"": ""HandTracking"",""h"": ""31.68,2.16,7.42"",""l"": ""0.00,0.00,0.00"",""r"": ""0.00,0.00,0.00""}"
15,Baseline,False,38.31364,gaze_sample,"{""target"": ""template-wall-detail-a""}"
15,Baseline,False,38.42487,gaze_sample,"{""target"": ""template-wall-detail-a""}"
15,Baseline,False,38.49442,head_tracking,"{""input_type"": ""HandTracking"",""h"": ""31.68,2.16,7.42"",""l"": ""0.00,0.00,0.00"",""r"": ""0.00,0.00,0.00""}"
15,Baseline,False,38.53587,gaze_sample,"{""target"": ""template-wall-detail-a""}"
15,Baseline,False,38.64693,gaze_sample,"{""target"": ""template-wall-detail-a""}"
15,Baseline,False,38.70263,head_tracking,"{""input_type"": ""HandTracking"",""h"": ""31.67,2.16,7.42"",""l"": ""0.00,0.00,0.00"",""r"": ""0.00,0.00,0.00""}"
15,Baseline,False,38.75822,gaze_sample,"{""target"": ""template-wall-detail-a""}"
15,Baseline,False,38.86926,gaze_sample,"{""target"": ""template-wall-detail-a""}"
15,Baseline,False,38.91072,head_tracking,"{""input_type"": ""HandTracking"",""h"": ""31.67,2.17,7.42"",""l"": ""0.00,0.00,0.00"",""r"": ""0.00,0.00,0.00""}"
15,Baseline,False,38.98022,gaze_sample,"{""target"": ""template-wall-detail-a""}"
15,Baseline,False,39.09143,gaze_sample,"{""target"": ""template-wall-detail-a""}"
15,Baseline,False,39.11916,head_tracking,"{""input_type"": ""HandTracking"",""h"": ""31.67,2.17,7.42"",""l"": ""0.00,0.00,0.00"",""r"": ""0.00,0.00,0.00""}"
15,Baseline,False,39.20255,gaze_sample,"{""target"": ""template-wall-detail-a""}"
15,Baseline,False,39.3136,gaze_sample,"{""target"": ""template-wall-detail-a""}"
15,Baseline,False,39.32764,head_tracking,"{""input_type"": ""HandTracking"",""h"": ""31.67,2.17,7.42"",""l"": ""0.00,0.00,0.00"",""r"": ""0.00,0.00,0.00""}"
15,Baseline,False,39.42472,gaze_sample,"{""target"": ""template-wall-detail-a""}"
15,Baseline,False,39.5359,head_tracking,"{""input_type"": ""HandTracking"",""h"": ""31.67,2.17,7.42"",""l"": ""0.00,0.00,0.00"",""r"": ""0.00,0.00,0.00""}"
15,Baseline,False,39.5359,gaze_sample,"{""target"": ""template-wall-detail-a""}"
15,Baseline,False,39.64688,gaze_sample,"{""target"": ""template-wall-detail-a""}"
15,Baseline,False,39.74522,head_tracking,"{""input_type"": ""HandTracking"",""h"": ""31.67,2.17,7.41"",""l"": ""0.00,0.00,0.00"",""r"": ""0.00,0.00,0.00""}"
15,Baseline,False,39.75789,gaze_sample,"{""target"": ""template-wall-detail-a""}"
15,Baseline,False,39.86918,gaze_sample,"{""target"": ""template-wall-detail-a""}"
15,Baseline,False,39.95247,head_tracking,"{""input_type"": ""HandTracking"",""h"": ""31.67,2.17,7.42"",""l"": ""0.00,0.00,0.00"",""r"": ""0.00,0.00,0.00""}"
15,Baseline,False,39.98032,gaze_sample,"{""target"": ""template-wall-detail-a""}"
15,Baseline,False,40.0915,gaze_sample,"{""target"": ""template-wall-detail-a""}"
15,Baseline,False,40.16086,head_tracking,"{""input_type"": ""HandTracking"",""h"": ""31.67,2.17,7.41"",""l"": ""0.00,0.00,0.00"",""r"": ""0.00,0.00,0.00""}"
15,Baseline,False,40.20266,gaze_sample,"{""target"": ""template-wall-detail-a""}"
15,Baseline,False,40.31388,gaze_sample,"{""target"": ""template-wall-detail-a""}"
15,Baseline,False,40.369,head_tracking,"{""input_type"": ""HandTracking"",""h"": ""31.67,2.17,7.41"",""l"": ""0.00,0.00,0.00"",""r"": ""0.00,0.00,0.00""}"
15,Baseline,False,40.42465,gaze_sample,"{""target"": ""room-large-variation""}"
15,Baseline,False,40.53565,gaze_sample,"{""target"": ""room-large-variation""}"
15,Baseline,False,40.57749,head_tracking,"{""input_type"": ""HandTracking"",""h"": ""31.67,2.17,7.41"",""l"": ""0.00,0.00,0.00"",""r"": ""0.00,0.00,0.00""}"
15,Baseline,False,40.64679,gaze_sample,"{""target"": ""room-large-variation""}"
15,Baseline,False,40.75798,gaze_sample,"{""target"": ""room-large-variation""}"
15,Baseline,False,40.78586,head_tracking,"{""input_type"": ""HandTracking"",""h"": ""31.67,2.17,7.41"",""l"": ""0.00,0.00,0.00"",""r"": ""0.00,0.00,0.00""}"
15,Baseline,False,40.86998,gaze_sample,"{""target"": ""room-large-variation""}"
15,Baseline,False,40.98014,gaze_sample,"{""target"": ""room-large-variation""}"
15,Baseline,False,40.99412,head_tracking,"{""input_type"": ""HandTracking"",""h"": ""31.67,2.17,7.41"",""l"": ""0.00,0.00,0.00"",""r"": ""0.00,0.00,0.00""}"
15,Baseline,False,41.09129,gaze_sample,"{""target"": ""room-large-variation""}"
15,Baseline,False,41.20254,head_tracking,"{""input_type"": ""HandTracking"",""h"": ""31.68,2.17,7.41"",""l"": ""0.00,0.00,0.00"",""r"": ""0.00,0.00,0.00""}"
15,Baseline,False,41.20254,gaze_sample,"{""target"": ""room-large-variation""}"
15,Baseline,False,41.31369,gaze_sample,"{""target"": ""room-large-variation""}"
15,Baseline,False,41.4107,head_tracking,"{""input_type"": ""HandTracking"",""h"": ""31.68,2.17,7.41"",""l"": ""0.00,0.00,0.00"",""r"": ""0.00,0.00,0.00""}"
15,Baseline,False,41.42469,gaze_sample,"{""target"": ""room-large-variation""}"
15,Baseline,False,41.53588,gaze_sample,"{""target"": ""room-large-variation""}"
15,Baseline,False,41.61931,head_tracking,"{""input_type"": ""HandTracking"",""h"": ""31.68,2.16,7.41"",""l"": ""0.00,0.00,0.00"",""r"": ""0.00,0.00,0.00""}"
15,Baseline,False,41.64668,gaze_sample,"{""target"": ""room-large-variation""}"
15,Baseline,False,41.75809,gaze_sample,"{""target"": ""room-large-variation""}"
15,Baseline,False,41.82756,head_tracking,"{""input_type"": ""HandTracking"",""h"": ""31.69,2.16,7.41"",""l"": ""0.00,0.00,0.00"",""r"": ""0.00,0.00,0.00""}"
15,Baseline,False,41.8694,gaze_sample,"{""target"": ""Roof""}"
15,Baseline,False,41.97913,gaze_sample,"{""target"": ""Roof""}"
15,Baseline,False,42.03435,head_tracking,"{""input_type"": ""HandTracking"",""h"": ""31.68,2.16,7.41"",""l"": ""0.00,0.00,0.00"",""r"": ""0.00,0.00,0.00""}"
15,Baseline,False,42.08969,gaze_sample,"{""target"": ""Roof""}"
15,Baseline,False,42.20089,gaze_sample,"{""target"": ""Roof""}"
15,Baseline,False,42.24245,head_tracking,"{""input_type"": ""HandTracking"",""h"": ""31.68,2.16,7.42"",""l"": ""0.00,0.00,0.00"",""r"": ""0.00,0.00,0.00""}"
15,Baseline,False,42.31192,gaze_sample,"{""target"": ""Roof""}"
15,Baseline,False,42.42342,gaze_sample,"{""target"": ""Roof""}"
15,Baseline,False,42.45102,head_tracking,"{""input_type"": ""HandTracking"",""h"": ""31.68,2.16,7.42"",""l"": ""0.00,0.00,0.00"",""r"": ""0.00,0.00,0.00""}"
15,Baseline,False,42.53444,gaze_sample,"{""target"": ""room-large-variation""}"
15,Baseline,False,42.64595,gaze_sample,"{""target"": ""room-large-variation""}"
15,Baseline,False,42.66008,head_tracking,"{""input_type"": ""HandTracking"",""h"": ""31.68,2.16,7.42"",""l"": ""0.00,0.00,0.00"",""r"": ""0.00,0.00,0.00""}"
15,Baseline,False,42.75793,gaze_sample,"{""target"": ""room-large-variation""}"
15,Baseline,False,42.86871,head_tracking,"{""input_type"": ""HandTracking"",""h"": ""31.68,2.16,7.42"",""l"": ""0.00,0.00,0.00"",""r"": ""0.00,0.00,0.00""}"
15,Baseline,False,42.86871,gaze_sample,"{""target"": ""room-large-variation""}"
15,Baseline,False,42.97985,gaze_sample,"{""target"": ""room-large-variation""}"
15,Baseline,False,43.0771,head_tracking,"{""input_type"": ""HandTracking"",""h"": ""31.67,2.16,7.42"",""l"": ""0.00,0.00,0.00"",""r"": ""0.00,0.00,0.00""}"
15,Baseline,False,43.09104,gaze_sample,"{""target"": ""template-wall-detail-a""}"
15,Baseline,False,43.20209,gaze_sample,"{""target"": ""template-wall-detail-a""}"
15,Baseline,False,43.28537,head_tracking,"{""input_type"": ""HandTracking"",""h"": ""31.68,2.16,7.41"",""l"": ""0.00,0.00,0.00"",""r"": ""0.00,0.00,0.00""}"
15,Baseline,False,43.31305,gaze_sample,"{""target"": ""template-wall-detail-a""}"
15,Baseline,False,43.4241,gaze_sample,"{""target"": ""template-wall-detail-a""}"
15,Baseline,False,43.51872,head_tracking,"{""input_type"": ""HandTracking"",""h"": ""31.68,2.16,7.42"",""l"": ""0.00,0.00,0.00"",""r"": ""0.00,0.00,0.00""}"
15,Baseline,False,43.53629,gaze_sample,"{""target"": ""template-wall-detail-a""}"
15,Baseline,False,43.64569,gaze_sample,"{""target"": ""template-wall-detail-a""}"
15,Baseline,False,43.72864,head_tracking,"{""input_type"": ""HandTracking"",""h"": ""31.68,2.16,7.42"",""l"": ""0.00,0.00,0.00"",""r"": ""0.00,0.00,0.00""}"
15,Baseline,False,43.75608,gaze_sample,"{""target"": ""template-wall-detail-a""}"
15,Baseline,False,43.86709,gaze_sample,"{""target"": ""template-wall-detail-a""}"
15,Baseline,False,43.93687,head_tracking,"{""input_type"": ""HandTracking"",""h"": ""31.68,2.16,7.41"",""l"": ""0.00,0.00,0.00"",""r"": ""0.00,0.00,0.00""}"
15,Baseline,False,43.97828,gaze_sample,"{""target"": ""template-wall-detail-a""}"
15,Baseline,False,44.08965,gaze_sample,"{""target"": ""template-wall-detail-a""}"
15,Baseline,False,44.14532,head_tracking,"{""input_type"": ""HandTracking"",""h"": ""31.68,2.16,7.41"",""l"": ""0.00,0.00,0.00"",""r"": ""0.00,0.00,0.00""}"
15,Baseline,False,44.2008,gaze_sample,"{""target"": ""gate-lasers (1)""}"
15,Baseline,False,44.31166,gaze_sample,"{""target"": ""room-large-variation""}"
15,Baseline,False,44.35313,head_tracking,"{""input_type"": ""HandTracking"",""h"": ""31.68,2.16,7.42"",""l"": ""0.00,0.00,0.00"",""r"": ""0.00,0.00,0.00""}"
15,Baseline,False,44.42281,gaze_sample,"{""target"": ""room-large-variation""}"
15,Baseline,False,44.53379,gaze_sample,"{""target"": ""room-large-variation""}"
15,Baseline,False,44.56141,head_tracking,"{""input_type"": ""HandTracking"",""h"": ""31.68,2.16,7.42"",""l"": ""0.00,0.00,0.00"",""r"": ""0.00,0.00,0.00""}"
15,Baseline,False,44.64517,gaze_sample,"{""target"": ""room-large-variation""}"
15,Baseline,False,44.75569,gaze_sample,"{""target"": ""room-large-variation""}"
15,Baseline,False,44.76963,head_tracking,"{""input_type"": ""HandTracking"",""h"": ""31.67,2.16,7.43"",""l"": ""0.00,0.00,0.00"",""r"": ""0.00,0.00,0.00""}"
15,Baseline,False,44.86682,gaze_sample,"{""target"": ""Roof""}"
15,Baseline,False,44.97769,head_tracking,"{""input_type"": ""HandTracking"",""h"": ""31.67,2.16,7.44"",""l"": ""0.00,0.00,0.00"",""r"": ""0.00,0.00,0.00""}"
15,Baseline,False,44.97769,gaze_sample,"{""target"": ""Roof""}"
15,Baseline,False,45.08872,gaze_sample,"{""target"": ""Roof""}"
15,Baseline,False,45.1865,head_tracking,"{""input_type"": ""HandTracking"",""h"": ""31.67,2.16,7.44"",""l"": ""0.00,0.00,0.00"",""r"": ""0.00,0.00,0.00""}"
15,Baseline,False,45.20017,gaze_sample,"{""target"": ""Roof""}"
15,Baseline,False,45.31138,gaze_sample,"{""target"": ""Roof""}"
15,Baseline,False,45.39456,head_tracking,"{""input_type"": ""HandTracking"",""h"": ""31.66,2.16,7.45"",""l"": ""0.00,0.00,0.00"",""r"": ""0.00,0.00,0.00""}"
15,Baseline,False,45.42249,gaze_sample,"{""target"": ""Roof""}"
15,Baseline,False,45.53407,gaze_sample,"{""target"": ""room-large-variation""}"
15,Baseline,False,45.60417,head_tracking,"{""input_type"": ""HandTracking"",""h"": ""31.66,2.16,7.45"",""l"": ""0.00,0.00,0.00"",""r"": ""0.00,0.00,0.00""}"
15,Baseline,False,45.64583,gaze_sample,"{""target"": ""room-large-variation""}"
15,Baseline,False,45.75729,gaze_sample,"{""target"": ""room-large-variation""}"
15,Baseline,False,45.81297,head_tracking,"{""input_type"": ""HandTracking"",""h"": ""31.66,2.16,7.45"",""l"": ""0.00,0.00,0.00"",""r"": ""0.00,0.00,0.00""}"
15,Baseline,False,45.8684,gaze_sample,"{""target"": ""room-large-variation""}"
15,Baseline,False,45.97949,gaze_sample,"{""target"": ""room-large-variation""}"
15,Baseline,False,46.02138,head_tracking,"{""input_type"": ""HandTracking"",""h"": ""31.65,2.16,7.47"",""l"": ""0.00,0.00,0.00"",""r"": ""0.00,0.00,0.00""}"
15,Baseline,False,46.09075,gaze_sample,"{""target"": ""room-large-variation""}"
15,Baseline,False,46.20186,gaze_sample,"{""target"": ""room-large-variation""}"
15,Baseline,False,46.22971,head_tracking,"{""input_type"": ""HandTracking"",""h"": ""31.63,2.16,7.48"",""l"": ""0.00,0.00,0.00"",""r"": ""0.00,0.00,0.00""}"
15,Baseline,False,46.31303,gaze_sample,"{""target"": ""room-large-variation""}"
15,Baseline,False,46.42402,gaze_sample,"{""target"": ""template-wall-detail-a""}"
15,Baseline,False,46.43785,head_tracking,"{""input_type"": ""HandTracking"",""h"": ""31.61,2.17,7.49"",""l"": ""0.00,0.00,0.00"",""r"": ""0.00,0.00,0.00""}"
15,Baseline,False,46.53515,gaze_sample,"{""target"": ""template-wall-detail-a""}"
15,Baseline,False,46.64631,head_tracking,"{""input_type"": ""HandTracking"",""h"": ""31.60,2.17,7.49"",""l"": ""0.00,0.00,0.00"",""r"": ""0.00,0.00,0.00""}"
15,Baseline,False,46.64631,gaze_sample,"{""target"": ""template-wall-detail-a""}"
15,Baseline,False,46.75762,gaze_sample,"{""target"": ""template-wall-detail-a""}"
15,Baseline,False,46.85492,head_tracking,"{""input_type"": ""HandTracking"",""h"": ""31.60,2.17,7.49"",""l"": ""0.00,0.00,0.00"",""r"": ""0.00,0.00,0.00""}"
15,Baseline,False,46.86866,gaze_sample,"{""target"": ""template-wall-detail-a""}"
15,Baseline,False,46.98009,gaze_sample,"{""target"": ""template-wall-detail-a""}"
15,Baseline,False,47.06311,head_tracking,"{""input_type"": ""HandTracking"",""h"": ""31.60,2.17,7.49"",""l"": ""0.00,0.00,0.00"",""r"": ""0.00,0.00,0.00""}"
15,Baseline,False,47.09097,gaze_sample,"{""target"": ""template-wall-detail-a""}"
15,Baseline,False,47.20203,gaze_sample,"{""target"": ""template-wall-detail-a""}"
15,Baseline,False,47.27163,head_tracking,"{""input_type"": ""HandTracking"",""h"": ""31.61,2.17,7.49"",""l"": ""0.00,0.00,0.00"",""r"": ""0.00,0.00,0.00""}"
15,Baseline,False,47.31518,gaze_sample,"{""target"": ""template-wall-detail-a""}"
15,Baseline,False,47.42431,gaze_sample,"{""target"": ""template-wall-detail-a""}"
15,Baseline,False,47.47995,head_tracking,"{""input_type"": ""HandTracking"",""h"": ""31.61,2.16,7.49"",""l"": ""0.00,0.00,0.00"",""r"": ""0.00,0.00,0.00""}"
15,Baseline,False,47.5353,gaze_sample,"{""target"": ""template-wall-detail-a""}"
15,Baseline,False,47.64603,gaze_sample,"{""target"": ""template-wall-detail-a""}"
15,Baseline,False,47.68801,head_tracking,"{""input_type"": ""HandTracking"",""h"": ""31.61,2.17,7.49"",""l"": ""0.00,0.00,0.00"",""r"": ""0.00,0.00,0.00""}"
15,Baseline,False,47.75724,gaze_sample,"{""target"": ""template-wall-detail-a""}"
15,Baseline,False,47.8686,gaze_sample,"{""target"": ""template-wall-detail-a""}"
15,Baseline,False,47.89624,head_tracking,"{""input_type"": ""HandTracking"",""h"": ""31.61,2.17,7.49"",""l"": ""0.00,0.00,0.00"",""r"": ""0.00,0.00,0.00""}"
15,Baseline,False,47.9796,gaze_sample,"{""target"": ""template-wall-detail-a""}"
15,Baseline,False,48.09073,gaze_sample,"{""target"": ""template-wall-detail-a""}"
15,Baseline,False,48.10482,head_tracking,"{""input_type"": ""HandTracking"",""h"": ""31.61,2.17,7.49"",""l"": ""0.00,0.00,0.00"",""r"": ""0.00,0.00,0.00""}"
15,Baseline,False,48.2019,gaze_sample,"{""target"": ""template-wall-detail-a""}"
15,Baseline,False,48.31284,head_tracking,"{""input_type"": ""HandTracking"",""h"": ""31.61,2.17,7.48"",""l"": ""0.00,0.00,0.00"",""r"": ""0.00,0.00,0.00""}"
15,Baseline,False,48.31284,gaze_sample,"{""target"": ""template-wall-detail-a""}"
15,Baseline,False,48.42395,gaze_sample,"{""target"": ""template-wall-detail-a""}"
15,Baseline,False,48.52135,head_tracking,"{""input_type"": ""HandTracking"",""h"": ""31.61,2.16,7.49"",""l"": ""0.00,0.00,0.00"",""r"": ""0.00,0.00,0.00""}"
15,Baseline,False,48.53522,gaze_sample,"{""target"": ""template-wall-detail-a""}"
15,Baseline,False,48.64641,gaze_sample,"{""target"": ""template-wall-detail-a""}"
15,Baseline,False,48.72993,head_tracking,"{""input_type"": ""HandTracking"",""h"": ""31.61,2.16,7.49"",""l"": ""0.00,0.00,0.00"",""r"": ""0.00,0.00,0.00""}"
15,Baseline,False,48.75736,gaze_sample,"{""target"": ""template-wall-detail-a""}"
15,Baseline,False,48.86863,gaze_sample,"{""target"": ""template-wall-detail-a""}"
15,Baseline,False,48.93932,head_tracking,"{""input_type"": ""HandTracking"",""h"": ""31.60,2.16,7.49"",""l"": ""0.00,0.00,0.00"",""r"": ""0.00,0.00,0.00""}"
15,Baseline,False,48.97969,gaze_sample,"{""target"": ""template-wall-detail-a""}"
15,Baseline,False,49.09069,gaze_sample,"{""target"": ""template-wall-detail-a""}"
15,Baseline,False,49.14634,head_tracking,"{""input_type"": ""HandTracking"",""h"": ""31.60,2.16,7.49"",""l"": ""0.00,0.00,0.00"",""r"": ""0.00,0.00,0.00""}"
15,Baseline,False,49.20203,gaze_sample,"{""target"": ""template-wall-detail-a""}"
15,Baseline,False,49.31298,gaze_sample,"{""target"": ""template-wall-detail-a""}"
15,Baseline,False,49.35477,head_tracking,"{""input_type"": ""HandTracking"",""h"": ""31.60,2.16,7.49"",""l"": ""0.00,0.00,0.00"",""r"": ""0.00,0.00,0.00""}"
15,Baseline,False,49.4241,gaze_sample,"{""target"": ""template-wall-detail-a""}"
15,Baseline,False,49.53539,gaze_sample,"{""target"": ""template-wall-detail-a""}"
15,Baseline,False,49.56279,head_tracking,"{""input_type"": ""HandTracking"",""h"": ""31.60,2.17,7.49"",""l"": ""0.00,0.00,0.00"",""r"": ""0.00,0.00,0.00""}"
15,Baseline,False,49.64613,gaze_sample,"{""target"": ""template-wall-detail-a""}"
15,Baseline,False,49.75719,gaze_sample,"{""target"": ""template-wall-detail-a""}"
15,Baseline,False,49.77156,head_tracking,"{""input_type"": ""HandTracking"",""h"": ""31.60,2.17,7.49"",""l"": ""0.00,0.00,0.00"",""r"": ""0.00,0.00,0.00""}"
15,Baseline,False,49.86848,gaze_sample,"{""target"": ""template-wall-detail-a""}"
15,Baseline,False,49.97966,head_tracking,"{""input_type"": ""HandTracking"",""h"": ""31.60,2.17,7.49"",""l"": ""0.00,0.00,0.00"",""r"": ""0.00,0.00,0.00""}"
15,Baseline,False,49.97966,gaze_sample,"{""target"": ""template-wall-detail-a""}"
15,Baseline,False,50.09077,gaze_sample,"{""target"": ""template-wall-detail-a""}"
15,Baseline,False,50.18803,head_tracking,"{""input_type"": ""HandTracking"",""h"": ""31.60,2.17,7.49"",""l"": ""0.00,0.00,0.00"",""r"": ""0.00,0.00,0.00""}"
15,Baseline,False,50.20184,gaze_sample,"{""target"": ""template-wall-detail-a""}"
15,Baseline,False,50.31293,gaze_sample,"{""target"": ""template-wall-detail-a""}"
15,Baseline,False,50.39634,head_tracking,"{""input_type"": ""HandTracking"",""h"": ""31.60,2.17,7.49"",""l"": ""0.00,0.00,0.00"",""r"": ""0.00,0.00,0.00""}"
15,Baseline,False,50.42397,gaze_sample,"{""target"": ""template-wall-detail-a""}"
15,Baseline,False,50.53514,gaze_sample,"{""target"": ""template-wall-detail-a""}"
15,Baseline,False,50.60457,head_tracking,"{""input_type"": ""HandTracking"",""h"": ""31.60,2.16,7.48"",""l"": ""0.00,0.00,0.00"",""r"": ""0.00,0.00,0.00""}"
15,Baseline,False,50.64631,gaze_sample,"{""target"": ""template-wall-detail-a""}"
15,Baseline,False,50.75747,gaze_sample,"{""target"": ""template-wall-detail-a""}"
15,Baseline,False,50.81294,head_tracking,"{""input_type"": ""HandTracking"",""h"": ""31.60,2.16,7.48"",""l"": ""0.00,0.00,0.00"",""r"": ""0.00,0.00,0.00""}"
15,Baseline,False,50.86861,gaze_sample,"{""target"": ""template-wall-detail-a""}"
15,Baseline,False,50.97966,gaze_sample,"{""target"": ""template-wall-detail-a""}"
15,Baseline,False,51.02135,head_tracking,"{""input_type"": ""HandTracking"",""h"": ""31.60,2.16,7.48"",""l"": ""0.00,0.00,0.00"",""r"": ""0.00,0.00,0.00""}"
15,Baseline,False,51.09075,gaze_sample,"{""target"": ""template-wall-detail-a""}"
15,Baseline,False,51.20198,gaze_sample,"{""target"": ""template-wall-detail-a""}"
15,Baseline,False,51.22986,head_tracking,"{""input_type"": ""HandTracking"",""h"": ""31.60,2.16,7.48"",""l"": ""0.00,0.00,0.00"",""r"": ""0.00,0.00,0.00""}"
15,Baseline,False,51.31287,gaze_sample,"{""target"": ""template-wall-detail-a""}"
15,Baseline,False,51.42422,gaze_sample,"{""target"": ""template-wall-detail-a""}"
15,Baseline,False,51.43785,head_tracking,"{""input_type"": ""HandTracking"",""h"": ""31.60,2.16,7.48"",""l"": ""0.00,0.00,0.00"",""r"": ""0.00,0.00,0.00""}"
15,Baseline,False,51.53539,gaze_sample,"{""target"": ""template-wall-detail-a""}"
15,Baseline,False,51.64627,head_tracking,"{""input_type"": ""HandTracking"",""h"": ""31.60,2.16,7.48"",""l"": ""0.00,0.00,0.00"",""r"": ""0.00,0.00,0.00""}"
15,Baseline,False,51.64627,gaze_sample,"{""target"": ""template-wall-detail-a""}"
15,Baseline,False,51.75748,gaze_sample,"{""target"": ""room-large-variation""}"
15,Baseline,False,51.85483,head_tracking,"{""input_type"": ""HandTracking"",""h"": ""31.61,2.16,7.49"",""l"": ""0.00,0.00,0.00"",""r"": ""0.00,0.00,0.00""}"
15,Baseline,False,51.8687,gaze_sample,"{""target"": ""room-large-variation""}"
15,Baseline,False,51.97988,gaze_sample,"{""target"": ""room-large-variation""}"
15,Baseline,False,52.06322,head_tracking,"{""input_type"": ""HandTracking"",""h"": ""31.60,2.16,7.49"",""l"": ""0.00,0.00,0.00"",""r"": ""0.00,0.00,0.00""}"
15,Baseline,False,52.09098,gaze_sample,"{""target"": ""room-large-variation""}"
15,Baseline,False,52.20226,gaze_sample,"{""target"": ""room-large-variation""}"
15,Baseline,False,52.2715,head_tracking,"{""input_type"": ""HandTracking"",""h"": ""31.61,2.16,7.48"",""l"": ""0.00,0.00,0.00"",""r"": ""0.00,0.00,0.00""}"
15,Baseline,False,52.31327,gaze_sample,"{""target"": ""room-large-variation""}"
15,Baseline,False,52.42414,gaze_sample,"{""target"": ""room-large-variation""}"
15,Baseline,False,52.47978,head_tracking,"{""input_type"": ""HandTracking"",""h"": ""31.62,2.16,7.47"",""l"": ""0.00,0.00,0.00"",""r"": ""0.00,0.00,0.00""}"
15,Baseline,False,52.53616,gaze_sample,"{""target"": ""room-large-variation""}"
15,Baseline,False,52.64654,gaze_sample,"{""target"": ""room-large-variation""}"
15,Baseline,False,52.68819,head_tracking,"{""input_type"": ""HandTracking"",""h"": ""31.63,2.16,7.47"",""l"": ""0.00,0.00,0.00"",""r"": ""0.00,0.00,0.00""}"
15,Baseline,False,52.75765,gaze_sample,"{""target"": ""room-large-variation""}"
15,Baseline,False,52.86857,gaze_sample,"{""target"": ""room-large-variation""}"
15,Baseline,False,52.89663,head_tracking,"{""input_type"": ""HandTracking"",""h"": ""31.64,2.16,7.46"",""l"": ""0.00,0.00,0.00"",""r"": ""0.00,0.00,0.00""}"
15,Baseline,False,52.9797,gaze_sample,"{""target"": ""room-large-variation""}"
15,Baseline,False,53.09102,gaze_sample,"{""target"": ""room-large-variation""}"
15,Baseline,False,53.10466,head_tracking,"{""input_type"": ""HandTracking"",""h"": ""31.64,2.16,7.46"",""l"": ""0.00,0.00,0.00"",""r"": ""0.00,0.00,0.00""}"
15,Baseline,False,53.2021,gaze_sample,"{""target"": ""room-large-variation""}"
15,Baseline,False,53.31476,head_tracking,"{""input_type"": ""HandTracking"",""h"": ""31.65,2.16,7.45"",""l"": ""0.00,0.00,0.00"",""r"": ""0.00,0.00,0.00""}"
15,Baseline,False,53.31476,gaze_sample,"{""target"": ""room-large-variation""}"
15,Baseline,False,53.42405,gaze_sample,"{""target"": ""room-large-variation""}"
15,Baseline,False,53.52172,head_tracking,"{""input_type"": ""HandTracking"",""h"": ""31.65,2.16,7.45"",""l"": ""0.00,0.00,0.00"",""r"": ""0.00,0.00,0.00""}"
15,Baseline,False,53.53534,gaze_sample,"{""target"": ""room-large-variation""}"
15,Baseline,False,53.64663,gaze_sample,"{""target"": ""room-large-variation""}"
15,Baseline,False,53.72977,head_tracking,"{""input_type"": ""HandTracking"",""h"": ""31.66,2.16,7.45"",""l"": ""0.00,0.00,0.00"",""r"": ""0.00,0.00,0.00""}"
15,Baseline,False,53.75757,gaze_sample,"{""target"": ""room-large-variation""}"
15,Baseline,False,53.8689,gaze_sample,"{""target"": ""room-large-variation""}"
15,Baseline,False,53.93828,head_tracking,"{""input_type"": ""HandTracking"",""h"": ""31.66,2.16,7.45"",""l"": ""0.00,0.00,0.00"",""r"": ""0.00,0.00,0.00""}"
15,Baseline,False,53.97989,gaze_sample,"{""target"": ""room-large-variation""}"
15,Baseline,False,54.09102,gaze_sample,"{""target"": ""room-large-variation""}"
15,Baseline,False,54.14661,head_tracking,"{""input_type"": ""HandTracking"",""h"": ""31.66,2.16,7.44"",""l"": ""0.00,0.00,0.00"",""r"": ""0.00,0.00,0.00""}"
15,Baseline,False,54.20231,gaze_sample,"{""target"": ""room-large-variation""}"
15,Baseline,False,54.31332,gaze_sample,"{""target"": ""room-large-variation""}"
15,Baseline,False,54.35513,head_tracking,"{""input_type"": ""HandTracking"",""h"": ""31.65,2.16,7.44"",""l"": ""0.00,0.00,0.00"",""r"": ""0.00,0.00,0.00""}"
15,Baseline,False,54.42468,gaze_sample,"{""target"": ""room-large-variation""}"
15,Baseline,False,54.53533,gaze_sample,"{""target"": ""room-large-variation""}"
15,Baseline,False,54.56314,head_tracking,"{""input_type"": ""HandTracking"",""h"": ""31.65,2.16,7.45"",""l"": ""0.00,0.00,0.00"",""r"": ""0.00,0.00,0.00""}"
15,Baseline,False,54.64648,gaze_sample,"{""target"": ""room-large-variation""}"
15,Baseline,False,54.75793,gaze_sample,"{""target"": ""room-large-variation""}"
15,Baseline,False,54.77171,head_tracking,"{""input_type"": ""HandTracking"",""h"": ""31.65,2.16,7.45"",""l"": ""0.00,0.00,0.00"",""r"": ""0.00,0.00,0.00""}"
15,Baseline,False,54.86867,gaze_sample,"{""target"": ""room-large-variation""}"
15,Baseline,False,54.97977,head_tracking,"{""input_type"": ""HandTracking"",""h"": ""31.65,2.16,7.45"",""l"": ""0.00,0.00,0.00"",""r"": ""0.00,0.00,0.00""}"
15,Baseline,False,54.97977,gaze_sample,"{""target"": ""room-large-variation""}"
15,Baseline,False,55.091,gaze_sample,"{""target"": ""room-large-variation""}"
15,Baseline,False,55.18841,head_tracking,"{""input_type"": ""HandTracking"",""h"": ""31.65,2.16,7.45"",""l"": ""0.00,0.00,0.00"",""r"": ""0.00,0.00,0.00""}"
15,Baseline,False,55.20204,gaze_sample,"{""target"": ""room-large-variation""}"
15,Baseline,False,55.3133,gaze_sample,"{""target"": ""room-large-variation""}"
15,Baseline,False,55.39657,head_tracking,"{""input_type"": ""HandTracking"",""h"": ""31.65,2.16,7.45"",""l"": ""0.00,0.00,0.00"",""r"": ""0.00,0.00,0.00""}"
15,Baseline,False,55.42403,gaze_sample,"{""target"": ""room-large-variation""}"
15,Baseline,False,55.53498,gaze_sample,"{""target"": ""room-large-variation""}"
15,Baseline,False,55.6044,head_tracking,"{""input_type"": ""HandTracking"",""h"": ""31.65,2.16,7.45"",""l"": ""0.00,0.00,0.00"",""r"": ""0.00,0.00,0.00""}"
15,Baseline,False,55.6465,gaze_sample,"{""target"": ""room-large-variation""}"
15,Baseline,False,55.75696,gaze_sample,"{""target"": ""room-large-variation""}"
15,Baseline,False,55.81234,head_tracking,"{""input_type"": ""HandTracking"",""h"": ""31.65,2.15,7.44"",""l"": ""0.00,0.00,0.00"",""r"": ""0.00,0.00,0.00""}"
15,Baseline,False,55.97905,gaze_sample,"{""target"": ""gate-door""}"
15,Baseline,False,56.02077,head_tracking,"{""input_type"": ""HandTracking"",""h"": ""31.65,2.15,7.44"",""l"": ""0.00,0.00,0.00"",""r"": ""0.00,0.00,0.00""}"
15,Baseline,False,56.09036,gaze_sample,"{""target"": ""gate-door""}"
15,Baseline,False,56.20113,gaze_sample,"{""target"": ""gate-door""}"
15,Baseline,False,56.22901,head_tracking,"{""input_type"": ""HandTracking"",""h"": ""31.66,2.15,7.44"",""l"": ""0.00,0.00,0.00"",""r"": ""0.00,0.00,0.00""}"
15,Baseline,False,56.3128,gaze_sample,"{""target"": ""gate-door""}"
15,Baseline,False,56.42298,gaze_sample,"{""target"": ""gate-door""}"
15,Baseline,False,56.43693,head_tracking,"{""input_type"": ""HandTracking"",""h"": ""31.66,2.15,7.44"",""l"": ""0.00,0.00,0.00"",""r"": ""0.00,0.00,0.00""}"
15,Baseline,False,56.53445,gaze_sample,"{""target"": ""gate-door""}"
15,Baseline,False,56.64573,head_tracking,"{""input_type"": ""HandTracking"",""h"": ""31.66,2.15,7.44"",""l"": ""0.00,0.00,0.00"",""r"": ""0.00,0.00,0.00""}"
15,Baseline,False,56.64573,gaze_sample,"{""target"": ""gate-door""}"
15,Baseline,False,56.85398,head_tracking,"{""input_type"": ""HandTracking"",""h"": ""31.66,2.15,7.44"",""l"": ""0.00,0.00,0.00"",""r"": ""0.00,0.00,0.00""}"
15,Baseline,False,56.97872,gaze_sample,"{""target"": ""gate-door""}"
15,Baseline,False,57.06223,head_tracking,"{""input_type"": ""HandTracking"",""h"": ""31.66,2.15,7.44"",""l"": ""0.00,0.00,0.00"",""r"": ""0.00,0.00,0.00""}"
15,Baseline,False,57.08955,gaze_sample,"{""target"": ""gate-door""}"
15,Baseline,False,57.20107,gaze_sample,"{""target"": ""room-large-variation""}"
15,Baseline,False,57.27003,head_tracking,"{""input_type"": ""HandTracking"",""h"": ""31.68,2.15,7.42"",""l"": ""0.00,0.00,0.00"",""r"": ""0.00,0.00,0.00""}"
15,Baseline,False,57.3117,gaze_sample,"{""target"": ""room-large-variation""}"
15,Baseline,False,57.4226,gaze_sample,"{""target"": ""room-large-variation""}"
15,Baseline,False,57.47816,head_tracking,"{""input_type"": ""HandTracking"",""h"": ""31.70,2.15,7.42"",""l"": ""0.00,0.00,0.00"",""r"": ""0.00,0.00,0.00""}"
15,Baseline,False,57.53398,gaze_sample,"{""target"": ""room-large-variation""}"
15,Baseline,False,57.64492,gaze_sample,"{""target"": ""room-large-variation""}"
15,Baseline,False,57.6867,head_tracking,"{""input_type"": ""HandTracking"",""h"": ""31.71,2.15,7.42"",""l"": ""0.00,0.00,0.00"",""r"": ""0.00,0.00,0.00""}"
15,Baseline,False,57.75624,gaze_sample,"{""target"": ""room-large-variation""}"
15,Baseline,False,57.86727,gaze_sample,"{""target"": ""room-large-variation""}"
15,Baseline,False,57.8951,head_tracking,"{""input_type"": ""HandTracking"",""h"": ""31.70,2.15,7.41"",""l"": ""0.00,0.00,0.00"",""r"": ""0.00,0.00,0.00""}"
15,Baseline,False,57.97839,gaze_sample,"{""target"": ""room-large-variation""}"
15,Baseline,False,58.0896,gaze_sample,"{""target"": ""room-large-variation""}"
15,Baseline,False,58.10353,head_tracking,"{""input_type"": ""HandTracking"",""h"": ""31.71,2.15,7.41"",""l"": ""0.00,0.00,0.00"",""r"": ""0.00,0.00,0.00""}"
15,Baseline,False,58.20076,gaze_sample,"{""target"": ""room-large-variation""}"
15,Baseline,False,58.31247,head_tracking,"{""input_type"": ""HandTracking"",""h"": ""31.73,2.15,7.42"",""l"": ""0.00,0.00,0.00"",""r"": ""0.00,0.00,0.00""}"
15,Baseline,False,58.31247,gaze_sample,"{""target"": ""room-large-variation""}"
15,Baseline,False,58.42307,gaze_sample,"{""target"": ""room-large-variation""}"
15,Baseline,False,58.52057,head_tracking,"{""input_type"": ""HandTracking"",""h"": ""31.74,2.16,7.43"",""l"": ""0.00,0.00,0.00"",""r"": ""0.00,0.00,0.00""}"
15,Baseline,False,58.53419,gaze_sample,"{""target"": ""lasers""}"
15,Baseline,False,58.64533,gaze_sample,"{""target"": ""lasers""}"
15,Baseline,False,58.72873,head_tracking,"{""input_type"": ""HandTracking"",""h"": ""31.75,2.15,7.43"",""l"": ""0.00,0.00,0.00"",""r"": ""0.00,0.00,0.00""}"
15,Baseline,False,58.75663,gaze_sample,"{""target"": ""lasers""}"
15,Baseline,False,58.86781,gaze_sample,"{""target"": ""gate-lasers (1)""}"
15,Baseline,False,58.93702,head_tracking,"{""input_type"": ""HandTracking"",""h"": ""31.74,2.15,7.42"",""l"": ""0.00,0.00,0.00"",""r"": ""0.00,0.00,0.00""}"
15,Baseline,False,58.97869,gaze_sample,"{""target"": ""room-large-variation""}"
15,Baseline,False,59.08963,gaze_sample,"{""target"": ""room-large-variation""}"
15,Baseline,False,59.14619,head_tracking,"{""input_type"": ""HandTracking"",""h"": ""31.72,2.15,7.41"",""l"": ""0.00,0.00,0.00"",""r"": ""0.00,0.00,0.00""}"
15,Baseline,False,59.20045,gaze_sample,"{""target"": ""room-large-variation""}"
15,Baseline,False,59.31171,gaze_sample,"{""target"": ""room-large-variation""}"
15,Baseline,False,59.35337,head_tracking,"{""input_type"": ""HandTracking"",""h"": ""31.71,2.15,7.40"",""l"": ""0.00,0.00,0.00"",""r"": ""0.00,0.00,0.00""}"
15,Baseline,False,59.42275,gaze_sample,"{""target"": ""room-large-variation""}"
15,Baseline,False,59.53406,gaze_sample,"{""target"": ""room-large-variation""}"
15,Baseline,False,59.56179,head_tracking,"{""input_type"": ""HandTracking"",""h"": ""31.70,2.15,7.40"",""l"": ""0.00,0.00,0.00"",""r"": ""0.00,0.00,0.00""}"
15,Baseline,False,59.64488,gaze_sample,"{""target"": ""room-large-variation""}"
15,Baseline,False,59.75626,gaze_sample,"{""target"": ""room-large-variation""}"
15,Baseline,False,59.77015,head_tracking,"{""input_type"": ""HandTracking"",""h"": ""31.69,2.15,7.39"",""l"": ""0.00,0.00,0.00"",""r"": ""0.00,0.00,0.00""}"
15,Baseline,False,59.86713,gaze_sample,"{""target"": ""room-large-variation""}"
15,Baseline,False,59.97821,head_tracking,"{""input_type"": ""HandTracking"",""h"": ""31.67,2.15,7.39"",""l"": ""0.00,0.00,0.00"",""r"": ""0.00,0.00,0.00""}"
15,Baseline,False,59.97821,gaze_sample,"{""target"": ""room-large-variation""}"
15,Baseline,False,60.08928,gaze_sample,"{""target"": ""room-large-variation""}"
15,Baseline,False,60.1865,head_tracking,"{""input_type"": ""HandTracking"",""h"": ""31.65,2.15,7.39"",""l"": ""0.00,0.00,0.00"",""r"": ""0.00,0.00,0.00""}"
15,Baseline,False,60.20071,gaze_sample,"{""target"": ""room-large-variation""}"
15,Baseline,False,60.31144,gaze_sample,"{""target"": ""room-large-variation""}"
15,Baseline,False,60.39448,head_tracking,"{""input_type"": ""HandTracking"",""h"": ""31.64,2.15,7.39"",""l"": ""0.00,0.00,0.00"",""r"": ""0.00,0.00,0.00""}"
15,Baseline,False,60.4222,gaze_sample,"{""target"": ""room-large-variation""}"
15,Baseline,False,60.53362,gaze_sample,"{""target"": ""room-large-variation""}"
15,Baseline,False,60.60272,head_tracking,"{""input_type"": ""HandTracking"",""h"": ""31.64,2.15,7.39"",""l"": ""0.00,0.00,0.00"",""r"": ""0.00,0.00,0.00""}"
15,Baseline,False,60.64437,gaze_sample,"{""target"": ""room-large-variation""}"
15,Baseline,False,60.75565,gaze_sample,"{""target"": ""room-large-variation""}"
15,Baseline,False,60.81203,head_tracking,"{""input_type"": ""HandTracking"",""h"": ""31.63,2.15,7.39"",""l"": ""0.00,0.00,0.00"",""r"": ""0.00,0.00,0.00""}"
15,Baseline,False,60.86634,gaze_sample,"{""target"": ""room-large-variation""}"
15,Baseline,False,60.97766,gaze_sample,"{""target"": ""room-large-variation""}"
15,Baseline,False,61.01951,head_tracking,"{""input_type"": ""HandTracking"",""h"": ""31.62,2.14,7.40"",""l"": ""0.00,0.00,0.00"",""r"": ""0.00,0.00,0.00""}"
15,Baseline,False,61.09061,gaze_sample,"{""target"": ""room-large-variation""}"
15,Baseline,False,61.20007,gaze_sample,"{""target"": ""room-large-variation""}"
15,Baseline,False,61.228,head_tracking,"{""input_type"": ""HandTracking"",""h"": ""31.62,2.14,7.40"",""l"": ""0.00,0.00,0.00"",""r"": ""0.00,0.00,0.00""}"
15,Baseline,False,61.31137,gaze_sample,"{""target"": ""room-large-variation""}"
15,Baseline,False,61.42231,gaze_sample,"{""target"": ""room-large-variation""}"
15,Baseline,False,61.43632,head_tracking,"{""input_type"": ""HandTracking"",""h"": ""31.60,2.14,7.40"",""l"": ""0.00,0.00,0.00"",""r"": ""0.00,0.00,0.00""}"
15,Baseline,False,61.53372,gaze_sample,"{""target"": ""room-large-variation""}"
15,Baseline,False,61.64454,head_tracking,"{""input_type"": ""HandTracking"",""h"": ""31.61,2.14,7.39"",""l"": ""0.00,0.00,0.00"",""r"": ""0.00,0.00,0.00""}"
15,Baseline,False,61.64454,gaze_sample,"{""target"": ""room-large-variation""}"
15,Baseline,False,61.75563,gaze_sample,"{""target"": ""room-large-variation""}"
15,Baseline,False,61.85297,head_tracking,"{""input_type"": ""HandTracking"",""h"": ""31.62,2.15,7.38"",""l"": ""0.00,0.00,0.00"",""r"": ""0.00,0.00,0.00""}"
15,Baseline,False,61.86678,gaze_sample,"{""target"": ""room-large-variation""}"
15,Baseline,False,61.97791,gaze_sample,"{""target"": ""room-large-variation""}"
15,Baseline,False,62.06234,head_tracking,"{""input_type"": ""HandTracking"",""h"": ""31.62,2.14,7.38"",""l"": ""0.00,0.00,0.00"",""r"": ""0.00,0.00,0.00""}"
15,Baseline,False,62.08904,gaze_sample,"{""target"": ""room-large-variation""}"
15,Baseline,False,62.20085,gaze_sample,"{""target"": ""room-large-variation""}"
15,Baseline,False,62.27058,head_tracking,"{""input_type"": ""HandTracking"",""h"": ""31.62,2.14,7.38"",""l"": ""0.00,0.00,0.00"",""r"": ""0.00,0.00,0.00""}"
15,Baseline,False,62.31237,gaze_sample,"{""target"": ""room-large-variation""}"
15,Baseline,False,62.42348,gaze_sample,"{""target"": ""room-large-variation""}"
15,Baseline,False,62.47943,head_tracking,"{""input_type"": ""HandTracking"",""h"": ""31.62,2.14,7.38"",""l"": ""0.00,0.00,0.00"",""r"": ""0.00,0.00,0.00""}"
15,Baseline,False,62.5345,gaze_sample,"{""target"": ""room-large-variation""}"
15,Baseline,False,62.64564,gaze_sample,"{""target"": ""room-large-variation""}"
15,Baseline,False,62.68683,head_tracking,"{""input_type"": ""HandTracking"",""h"": ""31.62,2.14,7.38"",""l"": ""0.00,0.00,0.00"",""r"": ""0.00,0.00,0.00""}"
15,Baseline,False,62.75529,gaze_sample,"{""target"": ""room-large-variation""}"
15,Baseline,False,62.86577,gaze_sample,"{""target"": ""room-large-variation""}"
15,Baseline,False,62.89397,head_tracking,"{""input_type"": ""HandTracking"",""h"": ""31.62,2.15,7.38"",""l"": ""0.00,0.00,0.00"",""r"": ""0.00,0.00,0.00""}"
15,Baseline,False,62.97692,gaze_sample,"{""target"": ""room-large-variation""}"
15,Baseline,False,63.0879,gaze_sample,"{""target"": ""room-large-variation""}"
15,Baseline,False,63.10185,head_tracking,"{""input_type"": ""HandTracking"",""h"": ""31.63,2.15,7.38"",""l"": ""0.00,0.00,0.00"",""r"": ""0.00,0.00,0.00""}"
15,Baseline,False,63.19923,gaze_sample,"{""target"": ""room-large-variation""}"
15,Baseline,False,63.31048,head_tracking,"{""input_type"": ""HandTracking"",""h"": ""31.62,2.15,7.38"",""l"": ""0.00,0.00,0.00"",""r"": ""0.00,0.00,0.00""}"
15,Baseline,False,63.31048,gaze_sample,"{""target"": ""room-large-variation""}"
15,Baseline,False,63.422,gaze_sample,"{""target"": ""room-large-variation""}"
15,Baseline,False,63.51926,head_tracking,"{""input_type"": ""HandTracking"",""h"": ""31.62,2.15,7.38"",""l"": ""0.00,0.00,0.00"",""r"": ""0.00,0.00,0.00""}"
15,Baseline,False,63.53394,gaze_sample,"{""target"": ""room-large-variation""}"
15,Baseline,False,63.64433,gaze_sample,"{""target"": ""room-large-variation""}"
15,Baseline,False,63.72752,head_tracking,"{""input_type"": ""HandTracking"",""h"": ""31.63,2.15,7.38"",""l"": ""0.00,0.00,0.00"",""r"": ""0.00,0.00,0.00""}"
15,Baseline,False,63.7555,gaze_sample,"{""target"": ""room-large-variation""}"
15,Baseline,False,63.86644,gaze_sample,"{""target"": ""room-large-variation""}"
15,Baseline,False,63.93618,head_tracking,"{""input_type"": ""HandTracking"",""h"": ""31.63,2.15,7.38"",""l"": ""0.00,0.00,0.00"",""r"": ""0.00,0.00,0.00""}"
15,Baseline,False,63.97882,gaze_sample,"{""target"": ""room-large-variation""}"
15,Baseline,False,64.0888,gaze_sample,"{""target"": ""room-large-variation""}"
15,Baseline,False,64.14434,head_tracking,"{""input_type"": ""HandTracking"",""h"": ""31.63,2.14,7.37"",""l"": ""0.00,0.00,0.00"",""r"": ""0.00,0.00,0.00""}"
15,Baseline,False,64.19971,gaze_sample,"{""target"": ""room-large-variation""}"
15,Baseline,False,64.31084,gaze_sample,"{""target"": ""room-large-variation""}"
15,Baseline,False,64.353,head_tracking,"{""input_type"": ""HandTracking"",""h"": ""31.63,2.14,7.36"",""l"": ""0.00,0.00,0.00"",""r"": ""0.00,0.00,0.00""}"
15,Baseline,False,64.42232,gaze_sample,"{""target"": ""room-large-variation""}"
15,Baseline,False,64.53351,gaze_sample,"{""target"": ""room-large-variation""}"
15,Baseline,False,64.56105,head_tracking,"{""input_type"": ""HandTracking"",""h"": ""31.63,2.15,7.35"",""l"": ""0.00,0.00,0.00"",""r"": ""0.00,0.00,0.00""}"
15,Baseline,False,64.64438,gaze_sample,"{""target"": ""room-large-variation""}"
15,Baseline,False,64.7552,gaze_sample,"{""target"": ""room-large-variation""}"
15,Baseline,False,64.76926,head_tracking,"{""input_type"": ""HandTracking"",""h"": ""31.65,2.15,7.36"",""l"": ""0.00,0.00,0.00"",""r"": ""0.00,0.00,0.00""}"
15,Baseline,False,64.86662,gaze_sample,"{""target"": ""room-large-variation""}"
15,Baseline,False,64.97772,head_tracking,"{""input_type"": ""HandTracking"",""h"": ""31.66,2.15,7.36"",""l"": ""0.00,0.00,0.00"",""r"": ""0.00,0.00,0.00""}"
15,Baseline,False,64.97772,gaze_sample,"{""target"": ""room-large-variation""}"
15,Baseline,False,65.08883,gaze_sample,"{""target"": ""room-large-variation""}"
15,Baseline,False,65.1862,head_tracking,"{""input_type"": ""HandTracking"",""h"": ""31.67,2.15,7.32"",""l"": ""0.00,0.00,0.00"",""r"": ""0.00,0.00,0.00""}"
15,Baseline,False,65.19979,gaze_sample,"{""target"": ""room-large-variation""}"
15,Baseline,False,65.31085,gaze_sample,"{""target"": ""room-large-variation""}"
15,Baseline,False,65.39423,head_tracking,"{""input_type"": ""HandTracking"",""h"": ""31.70,2.15,7.29"",""l"": ""0.00,0.00,0.00"",""r"": ""0.00,0.00,0.00""}"
15,Baseline,False,65.42223,gaze_sample,"{""target"": ""room-large-variation""}"
15,Baseline,False,65.53349,gaze_sample,"{""target"": ""room-large-variation""}"
15,Baseline,False,65.60287,head_tracking,"{""input_type"": ""HandTracking"",""h"": ""31.73,2.15,7.28"",""l"": ""0.00,0.00,0.00"",""r"": ""0.00,0.00,0.00""}"
15,Baseline,False,65.64471,gaze_sample,"{""target"": ""room-large-variation""}"
15,Baseline,False,65.75563,gaze_sample,"{""target"": ""room-large-variation""}"
15,Baseline,False,65.81151,head_tracking,"{""input_type"": ""HandTracking"",""h"": ""31.73,2.15,7.30"",""l"": ""0.00,0.00,0.00"",""r"": ""0.00,0.00,0.00""}"
15,Baseline,False,65.86675,gaze_sample,"{""target"": ""room-large-variation""}"
15,Baseline,False,65.9776,gaze_sample,"{""target"": ""room-large-variation""}"
15,Baseline,False,66.0194,head_tracking,"{""input_type"": ""HandTracking"",""h"": ""31.71,2.16,7.33"",""l"": ""0.00,0.00,0.00"",""r"": ""0.00,0.00,0.00""}"
15,Baseline,False,66.08897,gaze_sample,"{""target"": ""room-large-variation""}"
15,Baseline,False,66.19987,gaze_sample,"{""target"": ""room-large-variation""}"
15,Baseline,False,66.22758,head_tracking,"{""input_type"": ""HandTracking"",""h"": ""31.69,2.16,7.35"",""l"": ""0.00,0.00,0.00"",""r"": ""0.00,0.00,0.00""}"
15,Baseline,False,66.3107,gaze_sample,"{""target"": ""room-large-variation""}"
15,Baseline,False,66.42162,gaze_sample,"{""target"": ""room-large-variation""}"
15,Baseline,False,66.43562,head_tracking,"{""input_type"": ""HandTracking"",""h"": ""31.69,2.16,7.37"",""l"": ""0.00,0.00,0.00"",""r"": ""0.00,0.00,0.00""}"
15,Baseline,False,66.53276,gaze_sample,"{""target"": ""room-large-variation""}"
15,Baseline,False,66.64412,head_tracking,"{""input_type"": ""HandTracking"",""h"": ""31.68,2.16,7.37"",""l"": ""0.00,0.00,0.00"",""r"": ""0.00,0.00,0.00""}"
15,Baseline,False,66.64412,gaze_sample,"{""target"": ""room-large-variation""}"
15,Baseline,False,66.75489,gaze_sample,"{""target"": ""room-large-variation""}"
15,Baseline,False,66.85242,head_tracking,"{""input_type"": ""HandTracking"",""h"": ""31.68,2.16,7.37"",""l"": ""0.00,0.00,0.00"",""r"": ""0.00,0.00,0.00""}"
15,Baseline,False,66.86626,gaze_sample,"{""target"": ""room-large-variation""}"
15,Baseline,False,66.9775,gaze_sample,"{""target"": ""room-large-variation""}"
15,Baseline,False,67.06065,head_tracking,"{""input_type"": ""HandTracking"",""h"": ""31.68,2.16,7.37"",""l"": ""0.00,0.00,0.00"",""r"": ""0.00,0.00,0.00""}"
15,Baseline,False,67.08798,gaze_sample,"{""target"": ""room-large-variation""}"
15,Baseline,False,67.19921,gaze_sample,"{""target"": ""room-large-variation""}"
15,Baseline,False,67.26887,head_tracking,"{""input_type"": ""HandTracking"",""h"": ""31.69,2.16,7.37"",""l"": ""0.00,0.00,0.00"",""r"": ""0.00,0.00,0.00""}"
15,Baseline,False,67.31021,gaze_sample,"{""target"": ""room-large-variation""}"
15,Baseline,False,67.42159,gaze_sample,"{""target"": ""room-large-variation""}"
15,Baseline,False,67.47844,head_tracking,"{""input_type"": ""HandTracking"",""h"": ""31.70,2.16,7.37"",""l"": ""0.00,0.00,0.00"",""r"": ""0.00,0.00,0.00""}"
15,Baseline,False,67.53342,gaze_sample,"{""target"": ""room-large-variation""}"
15,Baseline,False,67.64432,gaze_sample,"{""target"": ""room-large-variation""}"
15,Baseline,False,67.68616,head_tracking,"{""input_type"": ""HandTracking"",""h"": ""31.70,2.16,7.37"",""l"": ""0.00,0.00,0.00"",""r"": ""0.00,0.00,0.00""}"
15,Baseline,False,67.75546,gaze_sample,"{""target"": ""room-large-variation""}"
15,Baseline,False,67.86697,gaze_sample,"{""target"": ""room-large-variation""}"
15,Baseline,False,67.89442,head_tracking,"{""input_type"": ""HandTracking"",""h"": ""31.71,2.16,7.37"",""l"": ""0.00,0.00,0.00"",""r"": ""0.00,0.00,0.00""}"
15,Baseline,False,67.97786,gaze_sample,"{""target"": ""room-large-variation""}"
15,Baseline,False,68.08901,gaze_sample,"{""target"": ""room-large-variation""}"
15,Baseline,False,68.10296,head_tracking,"{""input_type"": ""HandTracking"",""h"": ""31.71,2.17,7.36"",""l"": ""0.00,0.00,0.00"",""r"": ""0.00,0.00,0.00""}"
15,Baseline,False,68.19964,gaze_sample,"{""target"": ""Roof""}"
15,Baseline,False,68.30978,head_tracking,"{""input_type"": ""HandTracking"",""h"": ""31.71,2.16,7.36"",""l"": ""0.00,0.00,0.00"",""r"": ""0.00,0.00,0.00""}"
15,Baseline,False,68.30978,gaze_sample,"{""target"": ""room-large-variation""}"
15,Baseline,False,68.42075,gaze_sample,"{""target"": ""room-large-variation""}"
15,Baseline,False,68.51857,head_tracking,"{""input_type"": ""HandTracking"",""h"": ""31.71,2.16,7.36"",""l"": ""0.00,0.00,0.00"",""r"": ""0.00,0.00,0.00""}"
15,Baseline,False,68.53127,gaze_sample,"{""target"": ""room-large-variation""}"
15,Baseline,False,68.64232,gaze_sample,"{""target"": ""room-large-variation""}"
15,Baseline,False,68.72581,head_tracking,"{""input_type"": ""HandTracking"",""h"": ""31.72,2.16,7.35"",""l"": ""0.00,0.00,0.00"",""r"": ""0.00,0.00,0.00""}"
15,Baseline,False,68.75365,gaze_sample,"{""target"": ""room-large-variation""}"
15,Baseline,False,68.86495,gaze_sample,"{""target"": ""room-large-variation""}"
15,Baseline,False,68.93459,head_tracking,"{""input_type"": ""HandTracking"",""h"": ""31.71,2.16,7.35"",""l"": ""0.00,0.00,0.00"",""r"": ""0.00,0.00,0.00""}"
15,Baseline,False,68.97638,gaze_sample,"{""target"": ""room-large-variation""}"
15,Baseline,False,69.08765,gaze_sample,"{""target"": ""room-large-variation""}"
15,Baseline,False,69.14294,head_tracking,"{""input_type"": ""HandTracking"",""h"": ""31.69,2.16,7.36"",""l"": ""0.00,0.00,0.00"",""r"": ""0.00,0.00,0.00""}"
15,Baseline,False,69.19857,gaze_sample,"{""target"": ""room-large-variation""}"
15,Baseline,False,69.31007,gaze_sample,"{""target"": ""room-large-variation""}"
15,Baseline,False,69.3519,head_tracking,"{""input_type"": ""HandTracking"",""h"": ""31.67,2.15,7.38"",""l"": ""0.00,0.00,0.00"",""r"": ""0.00,0.00,0.00""}"
15,Baseline,False,69.42135,gaze_sample,"{""target"": ""room-large-variation""}"
15,Baseline,False,69.53251,gaze_sample,"{""target"": ""room-large-variation""}"
15,Baseline,False,69.56043,head_tracking,"{""input_type"": ""HandTracking"",""h"": ""31.67,2.16,7.39"",""l"": ""0.00,0.00,0.00"",""r"": ""0.00,0.00,0.00""}"
15,Baseline,False,69.64358,gaze_sample,"{""target"": ""room-large-variation""}"
15,Baseline,False,69.75471,gaze_sample,"{""target"": ""room-large-variation""}"
15,Baseline,False,69.76858,head_tracking,"{""input_type"": ""HandTracking"",""h"": ""31.68,2.16,7.38"",""l"": ""0.00,0.00,0.00"",""r"": ""0.00,0.00,0.00""}"
15,Baseline,False,69.8652,gaze_sample,"{""target"": ""room-large-variation""}"
15,Baseline,False,69.97632,head_tracking,"{""input_type"": ""HandTracking"",""h"": ""31.68,2.16,7.36"",""l"": ""0.00,0.00,0.00"",""r"": ""0.00,0.00,0.00""}"
15,Baseline,False,69.97632,gaze_sample,"{""target"": ""room-large-variation""}"
15,Baseline,False,70.08768,gaze_sample,"{""target"": ""room-large-variation""}"
15,Baseline,False,70.18493,head_tracking,"{""input_type"": ""HandTracking"",""h"": ""31.69,2.15,7.35"",""l"": ""0.00,0.00,0.00"",""r"": ""0.00,0.00,0.00""}"
15,Baseline,False,70.1988,gaze_sample,"{""target"": ""room-large-variation""}"
15,Baseline,False,70.30992,gaze_sample,"{""target"": ""room-large-variation""}"
15,Baseline,False,70.39313,head_tracking,"{""input_type"": ""HandTracking"",""h"": ""31.70,2.15,7.34"",""l"": ""0.00,0.00,0.00"",""r"": ""0.00,0.00,0.00""}"
15,Baseline,False,70.42081,gaze_sample,"{""target"": ""room-large-variation""}"
15,Baseline,False,70.53186,gaze_sample,"{""target"": ""room-large-variation""}"
15,Baseline,False,70.60155,head_tracking,"{""input_type"": ""HandTracking"",""h"": ""31.73,2.15,7.33"",""l"": ""0.00,0.00,0.00"",""r"": ""0.00,0.00,0.00""}"
15,Baseline,False,70.6443,gaze_sample,"{""target"": ""room-large-variation""}"
15,Baseline,False,70.75462,gaze_sample,"{""target"": ""room-large-variation""}"
15,Baseline,False,70.81025,head_tracking,"{""input_type"": ""HandTracking"",""h"": ""31.76,2.14,7.32"",""l"": ""0.00,0.00,0.00"",""r"": ""0.00,0.00,0.00""}"
15,Baseline,False,70.86584,gaze_sample,"{""target"": ""room-large-variation""}"
15,Baseline,False,70.97733,gaze_sample,"{""target"": ""room-large-variation""}"
15,Baseline,False,71.01978,head_tracking,"{""input_type"": ""HandTracking"",""h"": ""31.78,2.14,7.31"",""l"": ""0.00,0.00,0.00"",""r"": ""0.00,0.00,0.00""}"
15,Baseline,False,71.0882,gaze_sample,"{""target"": ""room-large-variation""}"
15,Baseline,False,71.1996,gaze_sample,"{""target"": ""gate-lasers""}"
15,Baseline,False,71.22708,head_tracking,"{""input_type"": ""HandTracking"",""h"": ""31.78,2.14,7.32"",""l"": ""0.00,0.00,0.00"",""r"": ""0.00,0.00,0.00""}"
15,Baseline,False,71.31062,gaze_sample,"{""target"": ""room-large-variation""}"
15,Baseline,False,71.42142,gaze_sample,"{""target"": ""room-large-variation""}"
15,Baseline,False,71.43539,head_tracking,"{""input_type"": ""HandTracking"",""h"": ""31.75,2.15,7.35"",""l"": ""0.00,0.00,0.00"",""r"": ""0.00,0.00,0.00""}"
15,Baseline,False,71.53246,gaze_sample,"{""target"": ""Roof""}"
15,Baseline,False,71.64322,head_tracking,"{""input_type"": ""HandTracking"",""h"": ""31.72,2.16,7.36"",""l"": ""0.00,0.00,0.00"",""r"": ""0.00,0.00,0.00""}"
15,Baseline,False,71.64322,gaze_sample,"{""target"": ""Roof""}"
15,Baseline,False,71.75541,gaze_sample,"{""target"": ""Roof""}"
15,Baseline,False,71.85182,head_tracking,"{""input_type"": ""HandTracking"",""h"": ""31.70,2.16,7.37"",""l"": ""0.00,0.00,0.00"",""r"": ""0.00,0.00,0.00""}"
15,Baseline,False,71.86536,gaze_sample,"{""target"": ""Roof""}"
15,Baseline,False,71.97675,gaze_sample,"{""target"": ""Roof""}"
15,Baseline,False,72.06003,head_tracking,"{""input_type"": ""HandTracking"",""h"": ""31.69,2.16,7.36"",""l"": ""0.00,0.00,0.00"",""r"": ""0.00,0.00,0.00""}"
15,Baseline,False,72.08781,gaze_sample,"{""target"": ""room-large-variation""}"
15,Baseline,False,72.19888,gaze_sample,"{""target"": ""room-large-variation""}"
15,Baseline,False,72.26833,head_tracking,"{""input_type"": ""HandTracking"",""h"": ""31.67,2.16,7.34"",""l"": ""0.00,0.00,0.00"",""r"": ""0.00,0.00,0.00""}"
15,Baseline,False,72.31075,gaze_sample,"{""target"": ""room-large-variation""}"
15,Baseline,False,72.42123,gaze_sample,"{""target"": ""room-large-variation""}"
15,Baseline,False,72.47672,head_tracking,"{""input_type"": ""HandTracking"",""h"": ""31.66,2.16,7.32"",""l"": ""0.00,0.00,0.00"",""r"": ""0.00,0.00,0.00""}"
15,Baseline,False,72.53245,gaze_sample,"{""target"": ""room-large-variation""}"
15,Baseline,False,72.64358,gaze_sample,"{""target"": ""room-large-variation""}"
15,Baseline,False,72.68661,head_tracking,"{""input_type"": ""HandTracking"",""h"": ""31.64,2.16,7.31"",""l"": ""0.00,0.00,0.00"",""r"": ""0.00,0.00,0.00""}"
15,Baseline,False,72.75441,gaze_sample,"{""target"": ""room-large-variation""}"
15,Baseline,False,72.8658,gaze_sample,"{""target"": ""room-large-variation""}"
15,Baseline,False,72.89342,head_tracking,"{""input_type"": ""HandTracking"",""h"": ""31.64,2.16,7.31"",""l"": ""0.00,0.00,0.00"",""r"": ""0.00,0.00,0.00""}"
15,Baseline,False,72.97682,gaze_sample,"{""target"": ""room-large-variation""}"
15,Baseline,False,73.08786,gaze_sample,"{""target"": ""room-large-variation""}"
15,Baseline,False,73.10183,head_tracking,"{""input_type"": ""HandTracking"",""h"": ""31.65,2.15,7.33"",""l"": ""0.00,0.00,0.00"",""r"": ""0.00,0.00,0.00""}"
15,Baseline,False,73.19913,gaze_sample,"{""target"": ""room-large-variation""}"
15,Baseline,False,73.31028,head_tracking,"{""input_type"": ""HandTracking"",""h"": ""31.67,2.16,7.34"",""l"": ""0.00,0.00,0.00"",""r"": ""0.00,0.00,0.00""}"
15,Baseline,False,73.31028,gaze_sample,"{""target"": ""room-large-variation""}"
15,Baseline,False,73.42168,gaze_sample,"{""target"": ""room-large-variation""}"
15,Baseline,False,73.51971,head_tracking,"{""input_type"": ""HandTracking"",""h"": ""31.70,2.15,7.36"",""l"": ""0.00,0.00,0.00"",""r"": ""0.00,0.00,0.00""}"
15,Baseline,False,73.53231,gaze_sample,"{""target"": ""room-large-variation""}"
15,Baseline,False,73.64321,gaze_sample,"{""target"": ""room-large-variation""}"
15,Baseline,False,73.72634,head_tracking,"{""input_type"": ""HandTracking"",""h"": ""31.74,2.15,7.39"",""l"": ""0.00,0.00,0.00"",""r"": ""0.00,0.00,0.00""}"
15,Baseline,False,73.75437,gaze_sample,"{""target"": ""room-large-variation""}"
15,Baseline,False,73.86544,gaze_sample,"{""target"": ""room-large-variation""}"
15,Baseline,False,73.93494,head_tracking,"{""input_type"": ""HandTracking"",""h"": ""31.76,2.14,7.42"",""l"": ""0.00,0.00,0.00"",""r"": ""0.00,0.00,0.00""}"
15,Baseline,False,73.97665,gaze_sample,"{""target"": ""room-large-variation""}"
15,Baseline,False,74.08772,gaze_sample,"{""target"": ""room-large-variation""}"
15,Baseline,False,74.14336,head_tracking,"{""input_type"": ""HandTracking"",""h"": ""31.78,2.14,7.45"",""l"": ""0.00,0.00,0.00"",""r"": ""0.00,0.00,0.00""}"
15,Baseline,False,74.19904,gaze_sample,"{""target"": ""room-large-variation""}"
15,Baseline,False,74.30997,gaze_sample,"{""target"": ""room-large-variation""}"
15,Baseline,False,74.35186,head_tracking,"{""input_type"": ""HandTracking"",""h"": ""31.79,2.13,7.46"",""l"": ""0.00,0.00,0.00"",""r"": ""0.00,0.00,0.00""}"
15,Baseline,False,74.42118,gaze_sample,"{""target"": ""room-large-variation""}"
15,Baseline,False,74.53238,gaze_sample,"{""target"": ""room-large-variation""}"
15,Baseline,False,74.56005,head_tracking,"{""input_type"": ""HandTracking"",""h"": ""31.79,2.13,7.47"",""l"": ""0.00,0.00,0.00"",""r"": ""0.00,0.00,0.00""}"
15,Baseline,False,74.64359,gaze_sample,"{""target"": ""room-large-variation""}"
15,Baseline,False,74.75439,gaze_sample,"{""target"": ""room-large-variation""}"
15,Baseline,False,74.76842,head_tracking,"{""input_type"": ""HandTracking"",""h"": ""31.79,2.14,7.46"",""l"": ""0.00,0.00,0.00"",""r"": ""0.00,0.00,0.00""}"
15,Baseline,False,74.86555,gaze_sample,"{""target"": ""room-large-variation""}"
15,Baseline,False,74.97709,head_tracking,"{""input_type"": ""HandTracking"",""h"": ""31.79,2.14,7.45"",""l"": ""0.00,0.00,0.00"",""r"": ""0.00,0.00,0.00""}"
15,Baseline,False,74.97709,gaze_sample,"{""target"": ""room-large-variation""}"
15,Baseline,False,75.08782,gaze_sample,"{""target"": ""room-large-variation""}"
15,Baseline,False,75.18501,head_tracking,"{""input_type"": ""HandTracking"",""h"": ""31.78,2.14,7.45"",""l"": ""0.00,0.00,0.00"",""r"": ""0.00,0.00,0.00""}"
15,Baseline,False,75.19934,gaze_sample,"{""target"": ""room-large-variation""}"
15,Baseline,False,75.30997,gaze_sample,"{""target"": ""room-large-variation""}"
15,Baseline,False,75.39333,head_tracking,"{""input_type"": ""HandTracking"",""h"": ""31.78,2.14,7.44"",""l"": ""0.00,0.00,0.00"",""r"": ""0.00,0.00,0.00""}"
15,Baseline,False,75.42103,gaze_sample,"{""target"": ""room-large-variation""}"
15,Baseline,False,75.53262,gaze_sample,"{""target"": ""room-large-variation""}"
15,Baseline,False,75.60186,head_tracking,"{""input_type"": ""HandTracking"",""h"": ""31.78,2.14,7.44"",""l"": ""0.00,0.00,0.00"",""r"": ""0.00,0.00,0.00""}"
15,Baseline,False,75.64335,gaze_sample,"{""target"": ""room-large-variation""}"
15,Baseline,False,75.75443,gaze_sample,"{""target"": ""room-large-variation""}"
15,Baseline,False,75.81026,head_tracking,"{""input_type"": ""HandTracking"",""h"": ""31.78,2.14,7.44"",""l"": ""0.00,0.00,0.00"",""r"": ""0.00,0.00,0.00""}"
15,Baseline,False,75.86562,gaze_sample,"{""target"": ""room-large-variation""}"
15,Baseline,False,75.97695,gaze_sample,"{""target"": ""room-large-variation""}"
15,Baseline,False,76.01858,head_tracking,"{""input_type"": ""HandTracking"",""h"": ""31.78,2.14,7.44"",""l"": ""0.00,0.00,0.00"",""r"": ""0.00,0.00,0.00""}"
15,Baseline,False,76.08775,gaze_sample,"{""target"": ""room-large-variation""}"
15,Baseline,False,76.19926,gaze_sample,"{""target"": ""room-large-variation""}"
15,Baseline,False,76.22663,head_tracking,"{""input_type"": ""HandTracking"",""h"": ""31.79,2.13,7.44"",""l"": ""0.00,0.00,0.00"",""r"": ""0.00,0.00,0.00""}"
15,Baseline,False,76.31009,gaze_sample,"{""target"": ""room-large-variation""}"
15,Baseline,False,76.42128,gaze_sample,"{""target"": ""room-large-variation""}"
15,Baseline,False,76.43519,head_tracking,"{""input_type"": ""HandTracking"",""h"": ""31.79,2.13,7.44"",""l"": ""0.00,0.00,0.00"",""r"": ""0.00,0.00,0.00""}"
15,Baseline,False,76.53246,gaze_sample,"{""target"": ""room-large-variation""}"
15,Baseline,False,76.64317,head_tracking,"{""input_type"": ""HandTracking"",""h"": ""31.79,2.13,7.45"",""l"": ""0.00,0.00,0.00"",""r"": ""0.00,0.00,0.00""}"
15,Baseline,False,76.64317,gaze_sample,"{""target"": ""room-large-variation""}"
15,Baseline,False,76.75425,gaze_sample,"{""target"": ""room-large-variation""}"
15,Baseline,False,76.85188,head_tracking,"{""input_type"": ""HandTracking"",""h"": ""31.80,2.13,7.45"",""l"": ""0.00,0.00,0.00"",""r"": ""0.00,0.00,0.00""}"
15,Baseline,False,76.86548,gaze_sample,"{""target"": ""room-large-variation""}"
15,Baseline,False,76.97679,gaze_sample,"{""target"": ""room-large-variation""}"
15,Baseline,False,77.06006,head_tracking,"{""input_type"": ""HandTracking"",""h"": ""31.80,2.13,7.45"",""l"": ""0.00,0.00,0.00"",""r"": ""0.00,0.00,0.00""}"
15,Baseline,False,77.088,gaze_sample,"{""target"": ""room-large-variation""}"
15,Baseline,False,77.19897,gaze_sample,"{""target"": ""room-large-variation""}"
15,Baseline,False,77.26843,head_tracking,"{""input_type"": ""HandTracking"",""h"": ""31.79,2.13,7.45"",""l"": ""0.00,0.00,0.00"",""r"": ""0.00,0.00,0.00""}"
15,Baseline,False,77.31001,gaze_sample,"{""target"": ""room-large-variation""}"
15,Baseline,False,77.42109,gaze_sample,"{""target"": ""room-large-variation""}"
15,Baseline,False,77.47652,head_tracking,"{""input_type"": ""HandTracking"",""h"": ""31.79,2.13,7.44"",""l"": ""0.00,0.00,0.00"",""r"": ""0.00,0.00,0.00""}"
15,Baseline,False,77.53209,gaze_sample,"{""target"": ""room-large-variation""}"
15,Baseline,False,77.6441,gaze_sample,"{""target"": ""room-large-variation""}"
15,Baseline,False,77.68475,head_tracking,"{""input_type"": ""HandTracking"",""h"": ""31.79,2.13,7.44"",""l"": ""0.00,0.00,0.00"",""r"": ""0.00,0.00,0.00""}"
15,Baseline,False,77.75406,gaze_sample,"{""target"": ""room-large-variation""}"
15,Baseline,False,77.8653,gaze_sample,"{""target"": ""room-large-variation""}"
15,Baseline,False,77.89308,head_tracking,"{""input_type"": ""HandTracking"",""h"": ""31.79,2.13,7.44"",""l"": ""0.00,0.00,0.00"",""r"": ""0.00,0.00,0.00""}"
15,Baseline,False,77.97651,gaze_sample,"{""target"": ""room-large-variation""}"
15,Baseline,False,78.08762,gaze_sample,"{""target"": ""room-large-variation""}"
15,Baseline,False,78.10162,head_tracking,"{""input_type"": ""HandTracking"",""h"": ""31.79,2.13,7.44"",""l"": ""0.00,0.00,0.00"",""r"": ""0.00,0.00,0.00""}"
15,Baseline,False,78.19884,gaze_sample,"{""target"": ""room-large-variation""}"
15,Baseline,False,78.30972,head_tracking,"{""input_type"": ""HandTracking"",""h"": ""31.79,2.13,7.44"",""l"": ""0.00,0.00,0.00"",""r"": ""0.00,0.00,0.00""}"
15,Baseline,False,78.30972,gaze_sample,"{""target"": ""room-large-variation""}"
15,Baseline,False,78.42095,gaze_sample,"{""target"": ""room-large-variation""}"
15,Baseline,False,78.51804,head_tracking,"{""input_type"": ""HandTracking"",""h"": ""31.80,2.13,7.44"",""l"": ""0.00,0.00,0.00"",""r"": ""0.00,0.00,0.00""}"
15,Baseline,False,78.53197,gaze_sample,"{""target"": ""room-large-variation""}"
15,Baseline,False,78.6431,gaze_sample,"{""target"": ""room-large-variation""}"
15,Baseline,False,78.72633,head_tracking,"{""input_type"": ""HandTracking"",""h"": ""31.80,2.14,7.44"",""l"": ""0.00,0.00,0.00"",""r"": ""0.00,0.00,0.00""}"
15,Baseline,False,78.75404,gaze_sample,"{""target"": ""room-large-variation""}"
15,Baseline,False,78.86644,gaze_sample,"{""target"": ""room-large-variation""}"
15,Baseline,False,78.93607,head_tracking,"{""input_type"": ""HandTracking"",""h"": ""31.80,2.14,7.44"",""l"": ""0.00,0.00,0.00"",""r"": ""0.00,0.00,0.00""}"
15,Baseline,False,78.97797,gaze_sample,"{""target"": ""room-large-variation""}"
15,Baseline,False,79.08922,gaze_sample,"{""target"": ""room-large-variation""}"
15,Baseline,False,79.14478,head_tracking,"{""input_type"": ""HandTracking"",""h"": ""31.81,2.14,7.44"",""l"": ""0.00,0.00,0.00"",""r"": ""0.00,0.00,0.00""}"
15,Baseline,False,79.20026,gaze_sample,"{""target"": ""room-large-variation""}"
15,Baseline,False,79.31134,gaze_sample,"{""target"": ""room-large-variation""}"
15,Baseline,False,79.35338,head_tracking,"{""input_type"": ""HandTracking"",""h"": ""31.81,2.14,7.44"",""l"": ""0.00,0.00,0.00"",""r"": ""0.00,0.00,0.00""}"
15,Baseline,False,79.42162,gaze_sample,"{""target"": ""room-large-variation""}"
15,Baseline,False,79.53233,gaze_sample,"{""target"": ""room-large-variation""}"
15,Baseline,False,79.55998,head_tracking,"{""input_type"": ""HandTracking"",""h"": ""31.81,2.14,7.44"",""l"": ""0.00,0.00,0.00"",""r"": ""0.00,0.00,0.00""}"
15,Baseline,False,79.64312,gaze_sample,"{""target"": ""room-large-variation""}"
15,Baseline,False,79.7543,gaze_sample,"{""target"": ""room-large-variation""}"
15,Baseline,False,79.769,head_tracking,"{""input_type"": ""HandTracking"",""h"": ""31.81,2.14,7.44"",""l"": ""0.00,0.00,0.00"",""r"": ""0.00,0.00,0.00""}"
15,Baseline,False,79.86548,gaze_sample,"{""target"": ""room-large-variation""}"
15,Baseline,False,79.97652,head_tracking,"{""input_type"": ""HandTracking"",""h"": ""31.81,2.14,7.44"",""l"": ""0.00,0.00,0.00"",""r"": ""0.00,0.00,0.00""}"
15,Baseline,False,79.97652,gaze_sample,"{""target"": ""room-large-variation""}"
15,Baseline,False,80.08747,gaze_sample,"{""target"": ""room-large-variation""}"
15,Baseline,False,80.18488,head_tracking,"{""input_type"": ""HandTracking"",""h"": ""31.81,2.13,7.44"",""l"": ""0.00,0.00,0.00"",""r"": ""0.00,0.00,0.00""}"
15,Baseline,False,80.19872,gaze_sample,"{""target"": ""room-large-variation""}"
15,Baseline,False,80.30993,gaze_sample,"{""target"": ""room-large-variation""}"
15,Baseline,False,80.39332,head_tracking,"{""input_type"": ""HandTracking"",""h"": ""31.81,2.14,7.44"",""l"": ""0.00,0.00,0.00"",""r"": ""0.00,0.00,0.00""}"
15,Baseline,False,80.42139,gaze_sample,"{""target"": ""room-large-variation""}"
15,Baseline,False,80.53211,gaze_sample,"{""target"": ""room-large-variation""}"
15,Baseline,False,80.60157,head_tracking,"{""input_type"": ""HandTracking"",""h"": ""31.81,2.14,7.45"",""l"": ""0.00,0.00,0.00"",""r"": ""0.00,0.00,0.00""}"
15,Baseline,False,80.64308,gaze_sample,"{""target"": ""room-large-variation""}"
15,Baseline,False,80.75426,gaze_sample,"{""target"": ""room-large-variation""}"
15,Baseline,False,80.8097,head_tracking,"{""input_type"": ""HandTracking"",""h"": ""31.81,2.14,7.45"",""l"": ""0.00,0.00,0.00"",""r"": ""0.00,0.00,0.00""}"
15,Baseline,False,80.86605,gaze_sample,"{""target"": ""room-large-variation""}"
15,Baseline,False,80.97649,gaze_sample,"{""target"": ""room-large-variation""}"
15,Baseline,False,81.01809,head_tracking,"{""input_type"": ""HandTracking"",""h"": ""31.81,2.14,7.45"",""l"": ""0.00,0.00,0.00"",""r"": ""0.00,0.00,0.00""}"
15,Baseline,False,81.08743,gaze_sample,"{""target"": ""room-large-variation""}"
15,Baseline,False,81.19875,gaze_sample,"{""target"": ""room-large-variation""}"
15,Baseline,False,81.22674,head_tracking,"{""input_type"": ""HandTracking"",""h"": ""31.81,2.14,7.45"",""l"": ""0.00,0.00,0.00"",""r"": ""0.00,0.00,0.00""}"
15,Baseline,False,81.30975,gaze_sample,"{""target"": ""room-large-variation""}"
15,Baseline,False,81.42059,gaze_sample,"{""target"": ""room-large-variation""}"
15,Baseline,False,81.43453,head_tracking,"{""input_type"": ""HandTracking"",""h"": ""31.81,2.14,7.44"",""l"": ""0.00,0.00,0.00"",""r"": ""0.00,0.00,0.00""}"
15,Baseline,False,81.53207,gaze_sample,"{""target"": ""room-large-variation""}"
15,Baseline,False,81.64312,head_tracking,"{""input_type"": ""HandTracking"",""h"": ""31.81,2.13,7.44"",""l"": ""0.00,0.00,0.00"",""r"": ""0.00,0.00,0.00""}"
15,Baseline,False,81.64312,gaze_sample,"{""target"": ""room-large-variation""}"
15,Baseline,False,81.75417,gaze_sample,"{""target"": ""room-large-variation""}"
15,Baseline,False,81.85138,head_tracking,"{""input_type"": ""HandTracking"",""h"": ""31.82,2.13,7.44"",""l"": ""0.00,0.00,0.00"",""r"": ""0.00,0.00,0.00""}"
15,Baseline,False,81.86523,gaze_sample,"{""target"": ""room-large-variation""}"
15,Baseline,False,81.97618,gaze_sample,"{""target"": ""room-large-variation""}"
15,Baseline,False,82.05971,head_tracking,"{""input_type"": ""HandTracking"",""h"": ""31.83,2.13,7.45"",""l"": ""0.00,0.00,0.00"",""r"": ""0.00,0.00,0.00""}"
15,Baseline,False,82.08754,gaze_sample,"{""target"": ""room-large-variation""}"
15,Baseline,False,82.19839,gaze_sample,"{""target"": ""room-large-variation""}"
15,Baseline,False,82.2682,head_tracking,"{""input_type"": ""HandTracking"",""h"": ""31.82,2.12,7.44"",""l"": ""0.00,0.00,0.00"",""r"": ""0.00,0.00,0.00""}"
15,Baseline,False,82.30977,gaze_sample,"{""target"": ""room-large-variation""}"
15,Baseline,False,82.42078,gaze_sample,"{""target"": ""room-large-variation""}"
15,Baseline,False,82.47642,head_tracking,"{""input_type"": ""HandTracking"",""h"": ""31.81,2.12,7.44"",""l"": ""0.00,0.00,0.00"",""r"": ""0.00,0.00,0.00""}"
15,Baseline,False,82.53196,gaze_sample,"{""target"": ""room-large-variation""}"
15,Baseline,False,82.64301,gaze_sample,"{""target"": ""room-large-variation""}"
15,Baseline,False,82.68481,head_tracking,"{""input_type"": ""HandTracking"",""h"": ""31.82,2.12,7.43"",""l"": ""0.00,0.00,0.00"",""r"": ""0.00,0.00,0.00""}"
15,Baseline,False,82.75404,gaze_sample,"{""target"": ""room-large-variation""}"
15,Baseline,False,82.86507,gaze_sample,"{""target"": ""room-large-variation""}"
15,Baseline,False,82.89298,head_tracking,"{""input_type"": ""HandTracking"",""h"": ""31.83,2.12,7.43"",""l"": ""0.00,0.00,0.00"",""r"": ""0.00,0.00,0.00""}"
15,Baseline,False,82.97646,gaze_sample,"{""target"": ""room-large-variation""}"
15,Baseline,False,83.08762,gaze_sample,"{""target"": ""room-large-variation""}"
15,Baseline,False,83.10236,head_tracking,"{""input_type"": ""HandTracking"",""h"": ""31.83,2.12,7.43"",""l"": ""0.00,0.00,0.00"",""r"": ""0.00,0.00,0.00""}"
15,Baseline,False,83.19854,gaze_sample,"{""target"": ""room-large-variation""}"
15,Baseline,False,83.30981,head_tracking,"{""input_type"": ""HandTracking"",""h"": ""31.83,2.12,7.43"",""l"": ""0.00,0.00,0.00"",""r"": ""0.00,0.00,0.00""}"
15,Baseline,False,83.30981,gaze_sample,"{""target"": ""room-large-variation""}"
15,Baseline,False,83.42082,gaze_sample,"{""target"": ""room-large-variation""}"
15,Baseline,False,83.51904,head_tracking,"{""input_type"": ""HandTracking"",""h"": ""31.82,2.12,7.43"",""l"": ""0.00,0.00,0.00"",""r"": ""0.00,0.00,0.00""}"
15,Baseline,False,83.53174,gaze_sample,"{""target"": ""room-large-variation""}"
15,Baseline,False,83.64316,gaze_sample,"{""target"": ""room-large-variation""}"
15,Baseline,False,83.72617,head_tracking,"{""input_type"": ""HandTracking"",""h"": ""31.82,2.12,7.43"",""l"": ""0.00,0.00,0.00"",""r"": ""0.00,0.00,0.00""}"
15,Baseline,False,83.75394,gaze_sample,"{""target"": ""room-large-variation""}"
15,Baseline,False,83.8653,gaze_sample,"{""target"": ""room-large-variation""}"
15,Baseline,False,83.935,head_tracking,"{""input_type"": ""HandTracking"",""h"": ""31.82,2.12,7.43"",""l"": ""0.00,0.00,0.00"",""r"": ""0.00,0.00,0.00""}"
15,Baseline,False,83.9764,gaze_sample,"{""target"": ""room-large-variation""}"
15,Baseline,False,84.08753,gaze_sample,"{""target"": ""room-large-variation""}"
15,Baseline,False,84.14307,head_tracking,"{""input_type"": ""HandTracking"",""h"": ""31.81,2.12,7.43"",""l"": ""0.00,0.00,0.00"",""r"": ""0.00,0.00,0.00""}"
15,Baseline,False,84.19862,gaze_sample,"{""target"": ""room-large-variation""}"
15,Baseline,False,84.30967,gaze_sample,"{""target"": ""room-large-variation""}"
15,Baseline,False,84.35152,head_tracking,"{""input_type"": ""HandTracking"",""h"": ""31.82,2.12,7.43"",""l"": ""0.00,0.00,0.00"",""r"": ""0.00,0.00,0.00""}"
15,Baseline,False,84.42113,gaze_sample,"{""target"": ""room-large-variation""}"
15,Baseline,False,84.53201,gaze_sample,"{""target"": ""room-large-variation""}"
15,Baseline,False,84.55972,head_tracking,"{""input_type"": ""HandTracking"",""h"": ""31.83,2.12,7.42"",""l"": ""0.00,0.00,0.00"",""r"": ""0.00,0.00,0.00""}"
15,Baseline,False,84.64293,gaze_sample,"{""target"": ""room-large-variation""}"
15,Baseline,False,84.75415,gaze_sample,"{""target"": ""room-large-variation""}"
15,Baseline,False,84.76797,head_tracking,"{""input_type"": ""HandTracking"",""h"": ""31.83,2.13,7.42"",""l"": ""0.00,0.00,0.00"",""r"": ""0.00,0.00,0.00""}"
15,Baseline,False,84.86559,gaze_sample,"{""target"": ""room-large-variation""}"
15,Baseline,False,84.97687,head_tracking,"{""input_type"": ""HandTracking"",""h"": ""31.82,2.13,7.43"",""l"": ""0.00,0.00,0.00"",""r"": ""0.00,0.00,0.00""}"
15,Baseline,False,84.97687,gaze_sample,"{""target"": ""room-large-variation""}"
15,Baseline,False,85.08761,gaze_sample,"{""target"": ""room-large-variation""}"
15,Baseline,False,85.18471,head_tracking,"{""input_type"": ""HandTracking"",""h"": ""31.81,2.13,7.43"",""l"": ""0.00,0.00,0.00"",""r"": ""0.00,0.00,0.00""}"
15,Baseline,False,85.19862,gaze_sample,"{""target"": ""room-large-variation""}"
15,Baseline,False,85.30994,gaze_sample,"{""target"": ""room-large-variation""}"
15,Baseline,False,85.39308,head_tracking,"{""input_type"": ""HandTracking"",""h"": ""31.80,2.13,7.43"",""l"": ""0.00,0.00,0.00"",""r"": ""0.00,0.00,0.00""}"
15,Baseline,False,85.42067,gaze_sample,"{""target"": ""room-large-variation""}"
15,Baseline,False,85.53189,gaze_sample,"{""target"": ""room-large-variation""}"
15,Baseline,False,85.60136,head_tracking,"{""input_type"": ""HandTracking"",""h"": ""31.80,2.14,7.43"",""l"": ""0.00,0.00,0.00"",""r"": ""0.00,0.00,0.00""}"
15,Baseline,False,85.64326,gaze_sample,"{""target"": ""room-large-variation""}"
15,Baseline,False,85.75363,gaze_sample,"{""target"": ""room-large-variation""}"
15,Baseline,False,85.80923,head_tracking,"{""input_type"": ""HandTracking"",""h"": ""31.79,2.14,7.43"",""l"": ""0.00,0.00,0.00"",""r"": ""0.00,0.00,0.00""}"
15,Baseline,False,85.86503,gaze_sample,"{""target"": ""room-large-variation""}"
15,Baseline,False,85.9763,gaze_sample,"{""target"": ""room-large-variation""}"
15,Baseline,False,86.01785,head_tracking,"{""input_type"": ""HandTracking"",""h"": ""31.79,2.13,7.43"",""l"": ""0.00,0.00,0.00"",""r"": ""0.00,0.00,0.00""}"
15,Baseline,False,86.08715,gaze_sample,"{""target"": ""room-large-variation""}"
15,Baseline,False,86.19843,gaze_sample,"{""target"": ""room-large-variation""}"
15,Baseline,False,86.22608,head_tracking,"{""input_type"": ""HandTracking"",""h"": ""31.79,2.14,7.43"",""l"": ""0.00,0.00,0.00"",""r"": ""0.00,0.00,0.00""}"
15,Baseline,False,86.30938,gaze_sample,"{""target"": ""room-large-variation""}"
15,Baseline,False,86.42091,gaze_sample,"{""target"": ""room-large-variation""}"
15,Baseline,False,86.43442,head_tracking,"{""input_type"": ""HandTracking"",""h"": ""31.79,2.13,7.43"",""l"": ""0.00,0.00,0.00"",""r"": ""0.00,0.00,0.00""}"
15,Baseline,False,86.53158,gaze_sample,"{""target"": ""room-large-variation""}"
15,Baseline,False,86.64297,head_tracking,"{""input_type"": ""HandTracking"",""h"": ""31.78,2.13,7.42"",""l"": ""0.00,0.00,0.00"",""r"": ""0.00,0.00,0.00""}"
15,Baseline,False,86.64297,gaze_sample,"{""target"": ""room-large-variation""}"
15,Baseline,False,86.75405,gaze_sample,"{""target"": ""room-large-variation""}"
15,Baseline,False,86.85111,head_tracking,"{""input_type"": ""HandTracking"",""h"": ""31.78,2.14,7.42"",""l"": ""0.00,0.00,0.00"",""r"": ""0.00,0.00,0.00""}"
15,Baseline,False,86.86515,gaze_sample,"{""target"": ""room-large-variation""}"
15,Baseline,False,86.97621,gaze_sample,"{""target"": ""room-large-variation""}"
15,Baseline,False,87.0594,head_tracking,"{""input_type"": ""HandTracking"",""h"": ""31.78,2.14,7.42"",""l"": ""0.00,0.00,0.00"",""r"": ""0.00,0.00,0.00""}"
15,Baseline,False,87.0873,gaze_sample,"{""target"": ""room-large-variation""}"
15,Baseline,False,87.19846,gaze_sample,"{""target"": ""room-large-variation""}"
15,Baseline,False,87.26801,head_tracking,"{""input_type"": ""HandTracking"",""h"": ""31.77,2.14,7.42"",""l"": ""0.00,0.00,0.00"",""r"": ""0.00,0.00,0.00""}"
15,Baseline,False,87.30956,gaze_sample,"{""target"": ""room-large-variation""}"
15,Baseline,False,87.42081,gaze_sample,"{""target"": ""room-large-variation""}"
15,Baseline,False,87.47643,head_tracking,"{""input_type"": ""HandTracking"",""h"": ""31.77,2.14,7.42"",""l"": ""0.00,0.00,0.00"",""r"": ""0.00,0.00,0.00""}"
15,Baseline,False,87.53203,gaze_sample,"{""target"": ""room-large-variation""}"
15,Baseline,False,87.64301,gaze_sample,"{""target"": ""room-large-variation""}"
15,Baseline,False,87.68439,head_tracking,"{""input_type"": ""HandTracking"",""h"": ""31.77,2.14,7.42"",""l"": ""0.00,0.00,0.00"",""r"": ""0.00,0.00,0.00""}"
15,Baseline,False,87.75385,gaze_sample,"{""target"": ""room-large-variation""}"
15,Baseline,False,87.86494,gaze_sample,"{""target"": ""room-large-variation""}"
15,Baseline,False,87.8928,head_tracking,"{""input_type"": ""HandTracking"",""h"": ""31.77,2.14,7.42"",""l"": ""0.00,0.00,0.00"",""r"": ""0.00,0.00,0.00""}"
15,Baseline,False,87.97683,gaze_sample,"{""target"": ""room-large-variation""}"
15,Baseline,False,88.08826,gaze_sample,"{""target"": ""room-large-variation""}"
15,Baseline,False,88.10224,head_tracking,"{""input_type"": ""HandTracking"",""h"": ""31.78,2.14,7.42"",""l"": ""0.00,0.00,0.00"",""r"": ""0.00,0.00,0.00""}"
15,Baseline,False,88.19955,gaze_sample,"{""target"": ""room-large-variation""}"
15,Baseline,False,88.31108,head_tracking,"{""input_type"": ""HandTracking"",""h"": ""31.78,2.14,7.42"",""l"": ""0.00,0.00,0.00"",""r"": ""0.00,0.00,0.00""}"
15,Baseline,False,88.31108,gaze_sample,"{""target"": ""room-large-variation""}"
15,Baseline,False,88.42191,gaze_sample,"{""target"": ""room-large-variation""}"
15,Baseline,False,88.51904,head_tracking,"{""input_type"": ""HandTracking"",""h"": ""31.78,2.14,7.42"",""l"": ""0.00,0.00,0.00"",""r"": ""0.00,0.00,0.00""}"
15,Baseline,False,88.53275,gaze_sample,"{""target"": ""room-large-variation""}"
15,Baseline,False,88.64401,gaze_sample,"{""target"": ""room-large-variation""}"
15,Baseline,False,88.72698,head_tracking,"{""input_type"": ""HandTracking"",""h"": ""31.78,2.14,7.42"",""l"": ""0.00,0.00,0.00"",""r"": ""0.00,0.00,0.00""}"
15,Baseline,False,88.75443,gaze_sample,"{""target"": ""room-large-variation""}"
15,Baseline,False,88.86469,gaze_sample,"{""target"": ""room-large-variation""}"
15,Baseline,False,88.9342,head_tracking,"{""input_type"": ""HandTracking"",""h"": ""31.78,2.14,7.42"",""l"": ""0.00,0.00,0.00"",""r"": ""0.00,0.00,0.00""}"
15,Baseline,False,88.97562,gaze_sample,"{""target"": ""room-large-variation""}"
15,Baseline,False,89.08684,gaze_sample,"{""target"": ""room-large-variation""}"
15,Baseline,False,89.14256,head_tracking,"{""input_type"": ""HandTracking"",""h"": ""31.78,2.14,7.42"",""l"": ""0.00,0.00,0.00"",""r"": ""0.00,0.00,0.00""}"
15,Baseline,False,89.19844,gaze_sample,"{""target"": ""room-large-variation""}"
15,Baseline,False,89.30943,gaze_sample,"{""target"": ""room-large-variation""}"
15,Baseline,False,89.35082,head_tracking,"{""input_type"": ""HandTracking"",""h"": ""31.78,2.14,7.42"",""l"": ""0.00,0.00,0.00"",""r"": ""0.00,0.00,0.00""}"
15,Baseline,False,89.42027,gaze_sample,"{""target"": ""room-large-variation""}"
15,Baseline,False,89.53201,gaze_sample,"{""target"": ""room-large-variation""}"
15,Baseline,False,89.55951,head_tracking,"{""input_type"": ""HandTracking"",""h"": ""31.78,2.14,7.42"",""l"": ""0.00,0.00,0.00"",""r"": ""0.00,0.00,0.00""}"
15,Baseline,False,89.64292,gaze_sample,"{""target"": ""room-large-variation""}"
15,Baseline,False,89.75357,gaze_sample,"{""target"": ""room-large-variation""}"
15,Baseline,False,89.76778,head_tracking,"{""input_type"": ""HandTracking"",""h"": ""31.78,2.13,7.41"",""l"": ""0.00,0.00,0.00"",""r"": ""0.00,0.00,0.00""}"
15,Baseline,False,89.86497,gaze_sample,"{""target"": ""room-large-variation""}"
15,Baseline,False,89.97598,head_tracking,"{""input_type"": ""HandTracking"",""h"": ""31.78,2.14,7.41"",""l"": ""0.00,0.00,0.00"",""r"": ""0.00,0.00,0.00""}"
15,Baseline,False,89.97598,gaze_sample,"{""target"": ""room-large-variation""}"
15,Baseline,False,90.08722,gaze_sample,"{""target"": ""room-large-variation""}"
15,Baseline,False,90.18407,head_tracking,"{""input_type"": ""HandTracking"",""h"": ""31.78,2.14,7.41"",""l"": ""0.00,0.00,0.00"",""r"": ""0.00,0.00,0.00""}"
15,Baseline,False,90.19801,gaze_sample,"{""target"": ""room-large-variation""}"
15,Baseline,False,90.3094,gaze_sample,"{""target"": ""room-large-variation""}"
15,Baseline,False,90.3927,head_tracking,"{""input_type"": ""HandTracking"",""h"": ""31.78,2.14,7.42"",""l"": ""0.00,0.00,0.00"",""r"": ""0.00,0.00,0.00""}"
15,Baseline,False,90.4206,gaze_sample,"{""target"": ""room-large-variation""}"
15,Baseline,False,90.53171,gaze_sample,"{""target"": ""room-large-variation""}"
15,Baseline,False,90.60103,head_tracking,"{""input_type"": ""HandTracking"",""h"": ""31.77,2.14,7.42"",""l"": ""0.00,0.00,0.00"",""r"": ""0.00,0.00,0.00""}"
15,Baseline,False,90.64304,gaze_sample,"{""target"": ""room-large-variation""}"
15,Baseline,False,90.75385,gaze_sample,"{""target"": ""room-large-variation""}"
15,Baseline,False,90.80959,head_tracking,"{""input_type"": ""HandTracking"",""h"": ""31.77,2.14,7.42"",""l"": ""0.00,0.00,0.00"",""r"": ""0.00,0.00,0.00""}"
15,Baseline,False,90.86494,gaze_sample,"{""target"": ""room-large-variation""}"
15,Baseline,False,90.9782,gaze_sample,"{""target"": ""room-large-variation""}"
15,Baseline,False,91.01812,head_tracking,"{""input_type"": ""HandTracking"",""h"": ""31.77,2.14,7.42"",""l"": ""0.00,0.00,0.00"",""r"": ""0.00,0.00,0.00""}"
15,Baseline,False,91.08614,gaze_sample,"{""target"": ""room-large-variation""}"
15,Baseline,False,91.19861,gaze_sample,"{""target"": ""room-large-variation""}"
15,Baseline,False,91.22626,head_tracking,"{""input_type"": ""HandTracking"",""h"": ""27.49,1.33,-1.30"",""l"": ""0.00,0.00,0.00"",""r"": ""0.00,0.00,0.00""}"
15,Baseline,False,91.30957,gaze_sample,"{""target"": ""room-large-variation""}"
15,Baseline,False,91.4206,gaze_sample,"{""target"": ""room-large-variation""}"
15,Baseline,False,91.43442,head_tracking,"{""input_type"": ""HandTracking"",""h"": ""27.49,1.33,-1.30"",""l"": ""0.00,0.00,0.00"",""r"": ""0.00,0.00,0.00""}"
15,Baseline,False,91.5317,gaze_sample,"{""target"": ""room-large-variation""}"
15,Baseline,False,91.64285,head_tracking,"{""input_type"": ""HandTracking"",""h"": ""27.49,1.33,-1.31"",""l"": ""0.00,0.00,0.00"",""r"": ""0.00,0.00,0.00""}"
15,Baseline,False,91.64285,gaze_sample,"{""target"": ""room-large-variation""}"
15,Baseline,False,91.75382,gaze_sample,"{""target"": ""room-large-variation""}"
15,Baseline,False,91.85204,head_tracking,"{""input_type"": ""HandTracking"",""h"": ""27.49,1.33,-1.31"",""l"": ""0.00,0.00,0.00"",""r"": ""0.00,0.00,0.00""}"
15,Baseline,False,91.8649,gaze_sample,"{""target"": ""room-large-variation""}"
15,Baseline,False,91.97635,gaze_sample,"{""target"": ""room-large-variation""}"
15,Baseline,False,92.05953,head_tracking,"{""input_type"": ""HandTracking"",""h"": ""27.49,1.33,-1.31"",""l"": ""0.00,0.00,0.00"",""r"": ""0.00,0.00,0.00""}"
15,Baseline,False,92.08727,gaze_sample,"{""target"": ""room-large-variation""}"
15,Baseline,False,92.19832,gaze_sample,"{""target"": ""room-large-variation""}"
15,Baseline,False,92.26802,head_tracking,"{""input_type"": ""HandTracking"",""h"": ""27.49,1.33,-1.31"",""l"": ""0.00,0.00,0.00"",""r"": ""0.00,0.00,0.00""}"
15,Baseline,False,92.3102,gaze_sample,"{""target"": ""room-large-variation""}"
15,Baseline,False,92.42098,gaze_sample,"{""target"": ""room-large-variation""}"
15,Baseline,False,92.4766,head_tracking,"{""input_type"": ""HandTracking"",""h"": ""27.49,1.33,-1.31"",""l"": ""0.00,0.00,0.00"",""r"": ""0.00,0.00,0.00""}"
15,Baseline,False,92.53199,gaze_sample,"{""target"": ""room-large-variation""}"
15,Baseline,False,92.64355,gaze_sample,"{""target"": ""room-large-variation""}"
15,Baseline,False,92.68477,head_tracking,"{""input_type"": ""HandTracking"",""h"": ""27.50,1.33,-1.31"",""l"": ""0.00,0.00,0.00"",""r"": ""0.00,0.00,0.00""}"
15,Baseline,False,92.7543,gaze_sample,"{""target"": ""room-large-variation""}"
15,Baseline,False,92.86522,gaze_sample,"{""target"": ""room-large-variation""}"
15,Baseline,False,92.893,head_tracking,"{""input_type"": ""HandTracking"",""h"": ""27.50,1.33,-1.31"",""l"": ""0.00,0.00,0.00"",""r"": ""0.00,0.00,0.00""}"
15,Baseline,False,92.97636,gaze_sample,"{""target"": ""room-large-variation""}"
15,Baseline,False,93.08748,gaze_sample,"{""target"": ""room-large-variation""}"
15,Baseline,False,93.10148,head_tracking,"{""input_type"": ""HandTracking"",""h"": ""27.50,1.33,-1.31"",""l"": ""0.00,0.00,0.00"",""r"": ""0.00,0.00,0.00""}"
15,Baseline,False,93.19913,gaze_sample,"{""target"": ""room-large-variation""}"
15,Baseline,False,93.31054,head_tracking,"{""input_type"": ""HandTracking"",""h"": ""27.50,1.33,-1.32"",""l"": ""0.00,0.00,0.00"",""r"": ""0.00,0.00,0.00""}"
15,Baseline,False,93.31054,gaze_sample,"{""target"": ""room-large-variation""}"
15,Baseline,False,93.42056,gaze_sample,"{""target"": ""room-large-variation""}"
15,Baseline,False,93.51765,head_tracking,"{""input_type"": ""HandTracking"",""h"": ""27.50,1.33,-1.32"",""l"": ""0.00,0.00,0.00"",""r"": ""0.00,0.00,0.00""}"
15,Baseline,False,93.53164,gaze_sample,"{""target"": ""room-large-variation""}"
15,Baseline,False,93.64291,gaze_sample,"{""target"": ""room-large-variation""}"
15,Baseline,False,93.72758,head_tracking,"{""input_type"": ""HandTracking"",""h"": ""27.49,1.33,-1.31"",""l"": ""0.00,0.00,0.00"",""r"": ""0.00,0.00,0.00""}"
15,Baseline,False,93.7549,gaze_sample,"{""target"": ""room-large-variation""}"
15,Baseline,False,93.86512,gaze_sample,"{""target"": ""room-large-variation""}"
15,Baseline,False,93.93444,head_tracking,"{""input_type"": ""HandTracking"",""h"": ""27.49,1.33,-1.32"",""l"": ""0.00,0.00,0.00"",""r"": ""0.00,0.00,0.00""}"
15,Baseline,False,93.97616,gaze_sample,"{""target"": ""room-large-variation""}"
15,Baseline,False,94.08727,gaze_sample,"{""target"": ""room-large-variation""}"
15,Baseline,False,94.14279,head_tracking,"{""input_type"": ""HandTracking"",""h"": ""27.49,1.33,-1.32"",""l"": ""0.00,0.00,0.00"",""r"": ""0.00,0.00,0.00""}"
15,Baseline,False,94.19833,gaze_sample,"{""target"": ""room-large-variation""}"
15,Baseline,False,94.30949,gaze_sample,"{""target"": ""room-large-variation""}"
15,Baseline,False,94.35087,head_tracking,"{""input_type"": ""HandTracking"",""h"": ""27.50,1.33,-1.31"",""l"": ""0.00,0.00,0.00"",""r"": ""0.00,0.00,0.00""}"
15,Baseline,False,94.42039,gaze_sample,"{""target"": ""room-large-variation""}"
15,Baseline,False,94.53153,gaze_sample,"{""target"": ""room-large-variation""}"
15,Baseline,False,94.55906,head_tracking,"{""input_type"": ""HandTracking"",""h"": ""27.50,1.33,-1.31"",""l"": ""0.00,0.00,0.00"",""r"": ""0.00,0.00,0.00""}"
15,Baseline,False,94.64279,gaze_sample,"{""target"": ""room-large-variation""}"
15,Baseline,False,94.75391,gaze_sample,"{""target"": ""room-large-variation""}"
15,Baseline,False,94.76774,head_tracking,"{""input_type"": ""HandTracking"",""h"": ""27.50,1.33,-1.31"",""l"": ""0.00,0.00,0.00"",""r"": ""0.00,0.00,0.00""}"
15,Baseline,False,94.86488,gaze_sample,"{""target"": ""gate-lasers""}"
15,Baseline,False,94.97597,head_tracking,"{""input_type"": ""HandTracking"",""h"": ""27.50,1.34,-1.31"",""l"": ""0.00,0.00,0.00"",""r"": ""0.00,0.00,0.00""}"
15,Baseline,False,94.97597,gaze_sample,"{""target"": ""room-large-variation""}"
15,Baseline,False,95.08722,gaze_sample,"{""target"": ""room-large-variation""}"
15,Baseline,False,95.18518,head_tracking,"{""input_type"": ""HandTracking"",""h"": ""27.50,1.34,-1.31"",""l"": ""0.00,0.00,0.00"",""r"": ""0.00,0.00,0.00""}"
15,Baseline,False,95.19845,gaze_sample,"{""target"": ""room-large-variation""}"
15,Baseline,False,95.30939,gaze_sample,"{""target"": ""room-large-variation""}"
15,Baseline,False,95.3928,head_tracking,"{""input_type"": ""HandTracking"",""h"": ""27.50,1.34,-1.32"",""l"": ""0.00,0.00,0.00"",""r"": ""0.00,0.00,0.00""}"
15,Baseline,False,95.42072,gaze_sample,"{""target"": ""room-large-variation""}"
15,Baseline,False,95.5321,gaze_sample,"{""target"": ""room-large-variation""}"
15,Baseline,False,95.6011,head_tracking,"{""input_type"": ""HandTracking"",""h"": ""27.49,1.34,-1.32"",""l"": ""0.00,0.00,0.00"",""r"": ""0.00,0.00,0.00""}"
15,Baseline,False,95.64301,gaze_sample,"{""target"": ""room-large-variation""}"
15,Baseline,False,95.75394,gaze_sample,"{""target"": ""room-large-variation""}"
15,Baseline,False,95.80969,head_tracking,"{""input_type"": ""HandTracking"",""h"": ""27.49,1.34,-1.32"",""l"": ""0.00,0.00,0.00"",""r"": ""0.00,0.00,0.00""}"
15,Baseline,False,95.86517,gaze_sample,"{""target"": ""room-large-variation""}"
15,Baseline,False,95.97618,gaze_sample,"{""target"": ""room-large-variation""}"
15,Baseline,False,96.01785,head_tracking,"{""input_type"": ""HandTracking"",""h"": ""27.49,1.34,-1.32"",""l"": ""0.00,0.00,0.00"",""r"": ""0.00,0.00,0.00""}"
15,Baseline,False,96.08755,gaze_sample,"{""target"": ""room-large-variation""}"
15,Baseline,False,96.19888,gaze_sample,"{""target"": ""room-large-variation""}"
15,Baseline,False,96.22649,head_tracking,"{""input_type"": ""HandTracking"",""h"": ""27.49,1.35,-1.32"",""l"": ""0.00,0.00,0.00"",""r"": ""0.00,0.00,0.00""}"
15,Baseline,False,96.30988,gaze_sample,"{""target"": ""room-large-variation""}"
15,Baseline,False,96.42157,gaze_sample,"{""target"": ""room-large-variation""}"
15,Baseline,False,96.43494,head_tracking,"{""input_type"": ""HandTracking"",""h"": ""27.48,1.35,-1.33"",""l"": ""0.00,0.00,0.00"",""r"": ""0.00,0.00,0.00""}"
15,Baseline,False,96.53201,gaze_sample,"{""target"": ""room-large-variation""}"
15,Baseline,False,96.64333,head_tracking,"{""input_type"": ""HandTracking"",""h"": ""27.48,1.35,-1.34"",""l"": ""0.00,0.00,0.00"",""r"": ""0.00,0.00,0.00""}"
15,Baseline,False,96.64333,gaze_sample,"{""target"": ""room-large-variation""}"
15,Baseline,False,96.75449,gaze_sample,"{""target"": ""room-large-variation""}"
15,Baseline,False,96.85175,head_tracking,"{""input_type"": ""HandTracking"",""h"": ""27.49,1.35,-1.34"",""l"": ""0.00,0.00,0.00"",""r"": ""0.00,0.00,0.00""}"
15,Baseline,False,96.86575,gaze_sample,"{""target"": ""room-large-variation""}"
15,Baseline,False,96.97721,gaze_sample,"{""target"": ""room-large-variation""}"
15,Baseline,False,97.05995,head_tracking,"{""input_type"": ""HandTracking"",""h"": ""27.49,1.35,-1.34"",""l"": ""0.00,0.00,0.00"",""r"": ""0.00,0.00,0.00""}"
15,Baseline,False,97.08794,gaze_sample,"{""target"": ""room-large-variation""}"
15,Baseline,False,97.19878,gaze_sample,"{""target"": ""room-large-variation""}"
15,Baseline,False,97.26849,head_tracking,"{""input_type"": ""HandTracking"",""h"": ""27.50,1.35,-1.32"",""l"": ""0.00,0.00,0.00"",""r"": ""0.00,0.00,0.00""}"
15,Baseline,False,97.31001,gaze_sample,"{""target"": ""room-large-variation""}"
15,Baseline,False,97.42097,gaze_sample,"{""target"": ""room-large-variation""}"
15,Baseline,False,97.4766,head_tracking,"{""input_type"": ""HandTracking"",""h"": ""27.49,1.34,-1.29"",""l"": ""0.00,0.00,0.00"",""r"": ""0.00,0.00,0.00""}"
15,Baseline,False,97.53205,gaze_sample,"{""target"": ""room-large-variation""}"
15,Baseline,False,97.64301,gaze_sample,"{""target"": ""room-large-variation""}"
15,Baseline,False,97.68505,head_tracking,"{""input_type"": ""HandTracking"",""h"": ""27.49,1.34,-1.28"",""l"": ""0.00,0.00,0.00"",""r"": ""0.00,0.00,0.00""}"
15,Baseline,False,97.75423,gaze_sample,"{""target"": ""room-large-variation""}"
15,Baseline,False,97.86549,gaze_sample,"{""target"": ""room-large-variation""}"
15,Baseline,False,97.89317,head_tracking,"{""input_type"": ""HandTracking"",""h"": ""27.52,1.34,-1.30"",""l"": ""0.00,0.00,0.00"",""r"": ""0.00,0.00,0.00""}"
15,Baseline,False,97.97687,gaze_sample,"{""target"": ""room-large-variation""}"
15,Baseline,False,98.08804,gaze_sample,"{""target"": ""room-large-variation""}"
15,Baseline,False,98.10186,head_tracking,"{""input_type"": ""HandTracking"",""h"": ""27.54,1.34,-1.33"",""l"": ""0.00,0.00,0.00"",""r"": ""0.00,0.00,0.00""}"
15,Baseline,False,98.19915,gaze_sample,"{""target"": ""room-large-variation""}"
15,Baseline,False,98.3101,head_tracking,"{""input_type"": ""HandTracking"",""h"": ""27.56,1.34,-1.34"",""l"": ""0.00,0.00,0.00"",""r"": ""0.00,0.00,0.00""}"
15,Baseline,False,98.3101,gaze_sample,"{""target"": ""room-large-variation""}"
15,Baseline,False,98.42168,gaze_sample,"{""target"": ""room-large-variation""}"
15,Baseline,False,98.51847,head_tracking,"{""input_type"": ""HandTracking"",""h"": ""27.56,1.34,-1.34"",""l"": ""0.00,0.00,0.00"",""r"": ""0.00,0.00,0.00""}"
15,Baseline,False,98.5327,gaze_sample,"{""target"": ""room-large-variation""}"
15,Baseline,False,98.64342,gaze_sample,"{""target"": ""room-large-variation""}"
15,Baseline,False,98.72678,head_tracking,"{""input_type"": ""HandTracking"",""h"": ""27.55,1.34,-1.34"",""l"": ""0.00,0.00,0.00"",""r"": ""0.00,0.00,0.00""}"
15,Baseline,False,98.75438,gaze_sample,"{""target"": ""room-large-variation""}"
15,Baseline,False,98.86568,gaze_sample,"{""target"": ""room-large-variation""}"
15,Baseline,False,98.93502,head_tracking,"{""input_type"": ""HandTracking"",""h"": ""27.53,1.34,-1.34"",""l"": ""0.00,0.00,0.00"",""r"": ""0.00,0.00,0.00""}"
15,Baseline,False,98.97678,gaze_sample,"{""target"": ""room-large-variation""}"
15,Baseline,False,99.08787,gaze_sample,"{""target"": ""room-large-variation""}"
15,Baseline,False,99.14404,head_tracking,"{""input_type"": ""HandTracking"",""h"": ""27.53,1.34,-1.33"",""l"": ""0.00,0.00,0.00"",""r"": ""0.00,0.00,0.00""}"
15,Baseline,False,99.19926,gaze_sample,"{""target"": ""room-large-variation""}"
15,Baseline,False,99.31033,gaze_sample,"{""target"": ""room-large-variation""}"
15,Baseline,False,99.35203,head_tracking,"{""input_type"": ""HandTracking"",""h"": ""27.52,1.34,-1.33"",""l"": ""0.00,0.00,0.00"",""r"": ""0.00,0.00,0.00""}"
15,Baseline,False,99.42159,gaze_sample,"{""target"": ""room-large-variation""}"
15,Baseline,False,99.53265,gaze_sample,"{""target"": ""room-large-variation""}"
15,Baseline,False,99.56023,head_tracking,"{""input_type"": ""HandTracking"",""h"": ""27.53,1.34,-1.33"",""l"": ""0.00,0.00,0.00"",""r"": ""0.00,0.00,0.00""}"
15,Baseline,False,99.64351,gaze_sample,"{""target"": ""room-large-variation""}"
15,Baseline,False,99.7546,gaze_sample,"{""target"": ""room-large-variation""}"
15,Baseline,False,99.7685,head_tracking,"{""input_type"": ""HandTracking"",""h"": ""27.54,1.34,-1.34"",""l"": ""0.00,0.00,0.00"",""r"": ""0.00,0.00,0.00""}"
15,Baseline,False,99.86593,gaze_sample,"{""target"": ""room-large-variation""}"
15,Baseline,False,99.97681,head_tracking,"{""input_type"": ""HandTracking"",""h"": ""27.54,1.34,-1.34"",""l"": ""0.00,0.00,0.00"",""r"": ""0.00,0.00,0.00""}"
15,Baseline,False,99.97681,gaze_sample,"{""target"": ""room-large-variation""}"
15,Baseline,False,100.0881,gaze_sample,"{""target"": ""room-large-variation""}"
15,Baseline,False,100.185,head_tracking,"{""input_type"": ""HandTracking"",""h"": ""27.55,1.34,-1.34"",""l"": ""0.00,0.00,0.00"",""r"": ""0.00,0.00,0.00""}"
15,Baseline,False,100.1989,gaze_sample,"{""target"": ""room-large-variation""}"
15,Baseline,False,100.3102,gaze_sample,"{""target"": ""room-large-variation""}"
15,Baseline,False,100.3933,head_tracking,"{""input_type"": ""HandTracking"",""h"": ""27.54,1.34,-1.34"",""l"": ""0.00,0.00,0.00"",""r"": ""0.00,0.00,0.00""}"
15,Baseline,False,100.4213,gaze_sample,"{""target"": ""room-large-variation""}"
15,Baseline,False,100.5326,gaze_sample,"{""target"": ""room-large-variation""}"
15,Baseline,False,100.602,head_tracking,"{""input_type"": ""HandTracking"",""h"": ""27.54,1.34,-1.34"",""l"": ""0.00,0.00,0.00"",""r"": ""0.00,0.00,0.00""}"
15,Baseline,False,100.6439,gaze_sample,"{""target"": ""room-large-variation""}"
15,Baseline,False,100.7544,gaze_sample,"{""target"": ""room-large-variation""}"
15,Baseline,False,100.8103,head_tracking,"{""input_type"": ""HandTracking"",""h"": ""27.54,1.34,-1.33"",""l"": ""0.00,0.00,0.00"",""r"": ""0.00,0.00,0.00""}"
15,Baseline,False,100.8658,gaze_sample,"{""target"": ""room-large-variation""}"
15,Baseline,False,100.9768,gaze_sample,"{""target"": ""room-large-variation""}"
15,Baseline,False,101.0192,head_tracking,"{""input_type"": ""HandTracking"",""h"": ""27.53,1.34,-1.32"",""l"": ""0.00,0.00,0.00"",""r"": ""0.00,0.00,0.00""}"
15,Baseline,False,101.0877,gaze_sample,"{""target"": ""room-large-variation""}"
15,Baseline,False,101.1991,gaze_sample,"{""target"": ""room-large-variation""}"
15,Baseline,False,101.2265,head_tracking,"{""input_type"": ""HandTracking"",""h"": ""27.51,1.34,-1.30"",""l"": ""0.00,0.00,0.00"",""r"": ""0.00,0.00,0.00""}"
15,Baseline,False,101.3098,gaze_sample,"{""target"": ""room-large-variation""}"
15,Baseline,False,101.4204,gaze_sample,"{""target"": ""room-large-variation""}"
15,Baseline,False,101.4344,head_tracking,"{""input_type"": ""HandTracking"",""h"": ""27.50,1.34,-1.30"",""l"": ""0.00,0.00,0.00"",""r"": ""0.00,0.00,0.00""}"
15,Baseline,False,101.532,gaze_sample,"{""target"": ""room-large-variation""}"
15,Baseline,False,101.6433,head_tracking,"{""input_type"": ""HandTracking"",""h"": ""27.48,1.35,-1.31"",""l"": ""0.00,0.00,0.00"",""r"": ""0.00,0.00,0.00""}"
15,Baseline,False,101.6433,gaze_sample,"{""target"": ""room-large-variation""}"
15,Baseline,False,101.7544,gaze_sample,"{""target"": ""room-large-variation""}"
15,Baseline,False,101.8518,head_tracking,"{""input_type"": ""HandTracking"",""h"": ""27.48,1.34,-1.31"",""l"": ""0.00,0.00,0.00"",""r"": ""0.00,0.00,0.00""}"
15,Baseline,False,101.8658,gaze_sample,"{""target"": ""room-large-variation""}"
15,Baseline,False,101.9767,gaze_sample,"{""target"": ""room-large-variation""}"
15,Baseline,False,102.0601,head_tracking,"{""input_type"": ""HandTracking"",""h"": ""27.51,1.34,-1.28"",""l"": ""0.00,0.00,0.00"",""r"": ""0.00,0.00,0.00""}"
15,Baseline,False,102.0877,gaze_sample,"{""target"": ""Sci-fi platform-fbx (3)""}"
15,Baseline,False,102.1988,gaze_sample,"{""target"": ""room-large-variation""}"
15,Baseline,False,102.2679,head_tracking,"{""input_type"": ""HandTracking"",""h"": ""27.54,1.34,-1.28"",""l"": ""0.00,0.00,0.00"",""r"": ""0.00,0.00,0.00""}"
15,Baseline,False,102.3098,gaze_sample,"{""target"": ""room-large-variation""}"
15,Baseline,False,102.4206,gaze_sample,"{""target"": ""room-large-variation""}"
15,Baseline,False,102.4761,head_tracking,"{""input_type"": ""HandTracking"",""h"": ""27.56,1.34,-1.28"",""l"": ""0.00,0.00,0.00"",""r"": ""0.00,0.00,0.00""}"
15,Baseline,False,102.5316,gaze_sample,"{""target"": ""template-wall-detail-a""}"
15,Baseline,False,102.6427,gaze_sample,"{""target"": ""template-wall-detail-a""}"
15,Baseline,False,102.6843,head_tracking,"{""input_type"": ""HandTracking"",""h"": ""27.57,1.34,-1.28"",""l"": ""0.00,0.00,0.00"",""r"": ""0.00,0.00,0.00""}"
15,Baseline,False,102.7537,gaze_sample,"{""target"": ""template-wall-detail-a""}"
15,Baseline,False,102.8651,gaze_sample,"{""target"": ""template-wall-detail-a""}"
15,Baseline,False,102.8926,head_tracking,"{""input_type"": ""HandTracking"",""h"": ""27.58,1.34,-1.28"",""l"": ""0.00,0.00,0.00"",""r"": ""0.00,0.00,0.00""}"
15,Baseline,False,102.9759,gaze_sample,"{""target"": ""room-large-variation""}"
15,Baseline,False,103.0873,gaze_sample,"{""target"": ""room-large-variation""}"
15,Baseline,False,103.1011,head_tracking,"{""input_type"": ""HandTracking"",""h"": ""27.59,1.34,-1.28"",""l"": ""0.00,0.00,0.00"",""r"": ""0.00,0.00,0.00""}"
15,Baseline,False,103.1981,gaze_sample,"{""target"": ""room-large-variation""}"
15,Baseline,False,103.3095,head_tracking,"{""input_type"": ""HandTracking"",""h"": ""27.57,1.34,-1.28"",""l"": ""0.00,0.00,0.00"",""r"": ""0.00,0.00,0.00""}"
15,Baseline,False,103.3095,gaze_sample,"{""target"": ""Sci-fi platform-fbx (2)""}"
15,Baseline,False,103.4208,gaze_sample,"{""target"": ""room-large-variation""}"
15,Baseline,False,103.5179,head_tracking,"{""input_type"": ""HandTracking"",""h"": ""27.52,1.34,-1.28"",""l"": ""0.00,0.00,0.00"",""r"": ""0.00,0.00,0.00""}"
15,Baseline,False,103.532,gaze_sample,"{""target"": ""room-large-variation""}"
15,Baseline,False,103.6432,gaze_sample,"{""target"": ""room-large-variation""}"
15,Baseline,False,103.7269,head_tracking,"{""input_type"": ""HandTracking"",""h"": ""27.49,1.34,-1.30"",""l"": ""0.00,0.00,0.00"",""r"": ""0.00,0.00,0.00""}"
15,Baseline,False,103.7548,gaze_sample,"{""target"": ""room-large-variation""}"
15,Baseline,False,103.8664,gaze_sample,"{""target"": ""room-large-variation""}"
15,Baseline,False,103.9354,head_tracking,"{""input_type"": ""HandTracking"",""h"": ""27.49,1.34,-1.32"",""l"": ""0.00,0.00,0.00"",""r"": ""0.00,0.00,0.00""}"
15,Baseline,False,103.977,gaze_sample,"{""target"": ""room-large-variation""}"
15,Baseline,False,104.0881,gaze_sample,"{""target"": ""gate-door""}"
15,Baseline,False,104.1439,head_tracking,"{""input_type"": ""HandTracking"",""h"": ""27.48,1.34,-1.33"",""l"": ""0.00,0.00,0.00"",""r"": ""0.00,0.00,0.00""}"
15,Baseline,False,104.352,head_tracking,"{""input_type"": ""HandTracking"",""h"": ""27.47,1.34,-1.35"",""l"": ""0.00,0.00,0.00"",""r"": ""0.00,0.00,0.00""}"
15,Baseline,False,104.5604,head_tracking,"{""input_type"": ""HandTracking"",""h"": ""27.48,1.34,-1.35"",""l"": ""0.00,0.00,0.00"",""r"": ""0.00,0.00,0.00""}"
15,Baseline,False,104.7549,gaze_sample,"{""target"": ""gate-door""}"
15,Baseline,False,104.7687,head_tracking,"{""input_type"": ""HandTracking"",""h"": ""27.48,1.35,-1.34"",""l"": ""0.00,0.00,0.00"",""r"": ""0.00,0.00,0.00""}"
15,Baseline,False,104.8659,gaze_sample,"{""target"": ""gate-door""}"
15,Baseline,False,104.977,head_tracking,"{""input_type"": ""HandTracking"",""h"": ""27.48,1.35,-1.33"",""l"": ""0.00,0.00,0.00"",""r"": ""0.00,0.00,0.00""}"
15,Baseline,False,104.977,gaze_sample,"{""target"": ""gate-door""}"
15,Baseline,False,105.088,gaze_sample,"{""target"": ""room-large-variation""}"
15,Baseline,False,105.1852,head_tracking,"{""input_type"": ""HandTracking"",""h"": ""27.50,1.34,-1.31"",""l"": ""0.00,0.00,0.00"",""r"": ""0.00,0.00,0.00""}"
15,Baseline,False,105.1989,gaze_sample,"{""target"": ""room-large-variation""}"
15,Baseline,False,105.3102,gaze_sample,"{""target"": ""room-large-variation""}"
15,Baseline,False,105.393,head_tracking,"{""input_type"": ""HandTracking"",""h"": ""27.50,1.35,-1.30"",""l"": ""0.00,0.00,0.00"",""r"": ""0.00,0.00,0.00""}"
15,Baseline,False,105.4207,gaze_sample,"{""target"": ""room-large-variation""}"
15,Baseline,False,105.5318,gaze_sample,"{""target"": ""room-large-variation""}"
15,Baseline,False,105.6012,head_tracking,"{""input_type"": ""HandTracking"",""h"": ""27.50,1.34,-1.30"",""l"": ""0.00,0.00,0.00"",""r"": ""0.00,0.00,0.00""}"
15,Baseline,False,105.643,gaze_sample,"{""target"": ""room-large-variation""}"
15,Baseline,False,105.7545,gaze_sample,"{""target"": ""Sci-fi platform-fbx (3)""}"
15,Baseline,False,105.8097,head_tracking,"{""input_type"": ""HandTracking"",""h"": ""27.51,1.34,-1.29"",""l"": ""0.00,0.00,0.00"",""r"": ""0.00,0.00,0.00""}"
15,Baseline,False,105.8652,gaze_sample,"{""target"": ""Sci-fi platform-fbx (3)""}"
15,Baseline,False,105.976,gaze_sample,"{""target"": ""Sci-fi platform-fbx (3)""}"
15,Baseline,False,106.0178,head_tracking,"{""input_type"": ""HandTracking"",""h"": ""27.53,1.35,-1.29"",""l"": ""0.00,0.00,0.00"",""r"": ""0.00,0.00,0.00""}"
15,Baseline,False,106.0873,gaze_sample,"{""target"": ""Sci-fi platform-fbx (3)""}"
15,Baseline,False,106.1984,gaze_sample,"{""target"": ""Sci-fi platform-fbx (3)""}"
15,Baseline,False,106.2264,head_tracking,"{""input_type"": ""HandTracking"",""h"": ""27.54,1.35,-1.29"",""l"": ""0.00,0.00,0.00"",""r"": ""0.00,0.00,0.00""}"
15,Baseline,False,106.3094,gaze_sample,"{""target"": ""Sci-fi platform-fbx (3)""}"
15,Baseline,False,106.4219,gaze_sample,"{""target"": ""room-large-variation""}"
15,Baseline,False,106.4343,head_tracking,"{""input_type"": ""HandTracking"",""h"": ""27.55,1.35,-1.28"",""l"": ""0.00,0.00,0.00"",""r"": ""0.00,0.00,0.00""}"
15,Baseline,False,106.5318,gaze_sample,"{""target"": ""room-large-variation""}"
15,Baseline,False,106.6427,head_tracking,"{""input_type"": ""HandTracking"",""h"": ""27.55,1.35,-1.28"",""l"": ""0.00,0.00,0.00"",""r"": ""0.00,0.00,0.00""}"
15,Baseline,False,106.6427,gaze_sample,"{""target"": ""room-large-variation""}"
15,Baseline,False,106.754,gaze_sample,"{""target"": ""room-large-variation""}"
15,Baseline,False,106.851,head_tracking,"{""input_type"": ""HandTracking"",""h"": ""27.55,1.35,-1.28"",""l"": ""0.00,0.00,0.00"",""r"": ""0.00,0.00,0.00""}"
15,Baseline,False,106.8653,gaze_sample,"{""target"": ""Sci-fi platform-fbx (3)""}"
15,Baseline,False,106.9762,gaze_sample,"{""target"": ""Sci-fi platform-fbx (3)""}"
15,Baseline,False,107.0593,head_tracking,"{""input_type"": ""HandTracking"",""h"": ""27.53,1.35,-1.29"",""l"": ""0.00,0.00,0.00"",""r"": ""0.00,0.00,0.00""}"
15,Baseline,False,107.0873,gaze_sample,"{""target"": ""Sci-fi platform-fbx (3)""}"
15,Baseline,False,107.1986,gaze_sample,"{""target"": ""room-large-variation""}"
15,Baseline,False,107.268,head_tracking,"{""input_type"": ""HandTracking"",""h"": ""27.51,1.35,-1.30"",""l"": ""0.00,0.00,0.00"",""r"": ""0.00,0.00,0.00""}"
15,Baseline,False,107.3099,gaze_sample,"{""target"": ""room-large-variation""}"
15,Baseline,False,107.4216,gaze_sample,"{""target"": ""gate-door""}"
15,Baseline,False,107.4767,head_tracking,"{""input_type"": ""HandTracking"",""h"": ""27.49,1.35,-1.32"",""l"": ""0.00,0.00,0.00"",""r"": ""0.00,0.00,0.00""}"
15,Baseline,False,107.5324,gaze_sample,"{""target"": ""gate-door""}"
15,Baseline,False,107.6856,head_tracking,"{""input_type"": ""HandTracking"",""h"": ""27.49,1.35,-1.32"",""l"": ""0.00,0.00,0.00"",""r"": ""0.00,0.00,0.00""}"
15,Baseline,False,107.8661,gaze_sample,"{""target"": ""gate-door""}"
15,Baseline,False,107.8941,head_tracking,"{""input_type"": ""HandTracking"",""h"": ""27.48,1.35,-1.32"",""l"": ""0.00,0.00,0.00"",""r"": ""0.00,0.00,0.00""}"
15,Baseline,False,107.9774,gaze_sample,"{""target"": ""room-large-variation""}"
15,Baseline,False,108.0887,gaze_sample,"{""target"": ""room-large-variation""}"
15,Baseline,False,108.1026,head_tracking,"{""input_type"": ""HandTracking"",""h"": ""27.47,1.34,-1.32"",""l"": ""0.00,0.00,0.00"",""r"": ""0.00,0.00,0.00""}"
15,Baseline,False,108.1996,gaze_sample,"{""target"": ""room-large-variation""}"
15,Baseline,False,108.3108,head_tracking,"{""input_type"": ""HandTracking"",""h"": ""27.46,1.34,-1.31"",""l"": ""0.00,0.00,0.00"",""r"": ""0.00,0.00,0.00""}"
15,Baseline,False,108.3108,gaze_sample,"{""target"": ""room-large-variation""}"
15,Baseline,False,108.4219,gaze_sample,"{""target"": ""room-large-variation""}"
15,Baseline,False,108.5188,head_tracking,"{""input_type"": ""HandTracking"",""h"": ""27.46,1.34,-1.30"",""l"": ""0.00,0.00,0.00"",""r"": ""0.00,0.00,0.00""}"
15,Baseline,False,108.5327,gaze_sample,"{""target"": ""room-large-variation""}"
15,Baseline,False,108.644,gaze_sample,"{""target"": ""room-large-variation""}"
15,Baseline,False,108.7272,head_tracking,"{""input_type"": ""HandTracking"",""h"": ""27.46,1.33,-1.28"",""l"": ""0.00,0.00,0.00"",""r"": ""0.00,0.00,0.00""}"
15,Baseline,False,108.755,gaze_sample,"{""target"": ""room-large-variation""}"
15,Baseline,False,108.866,gaze_sample,"{""target"": ""room-large-variation""}"
15,Baseline,False,108.9355,head_tracking,"{""input_type"": ""HandTracking"",""h"": ""27.45,1.34,-1.26"",""l"": ""0.00,0.00,0.00"",""r"": ""0.00,0.00,0.00""}"
15,Baseline,False,108.9773,gaze_sample,"{""target"": ""room-large-variation""}"
15,Baseline,False,109.0883,gaze_sample,"{""target"": ""room-large-variation""}"
15,Baseline,False,109.1439,head_tracking,"{""input_type"": ""HandTracking"",""h"": ""27.42,1.37,-1.25"",""l"": ""0.00,0.00,0.00"",""r"": ""0.00,0.00,0.00""}"
15,Baseline,False,109.1995,gaze_sample,"{""target"": ""room-large-variation""}"
15,Baseline,False,109.3104,gaze_sample,"{""target"": ""room-large-variation""}"
15,Baseline,False,109.352,head_tracking,"{""input_type"": ""HandTracking"",""h"": ""27.47,1.35,-1.26"",""l"": ""0.00,0.00,0.00"",""r"": ""0.00,0.00,0.00""}"
15,Baseline,False,109.4217,gaze_sample,"{""target"": ""room-large-variation""}"
15,Baseline,False,109.5328,gaze_sample,"{""target"": ""room-large-variation""}"
15,Baseline,False,109.5615,head_tracking,"{""input_type"": ""HandTracking"",""h"": ""27.54,1.35,-1.27"",""l"": ""0.00,0.00,0.00"",""r"": ""0.00,0.00,0.00""}"
15,Baseline,False,109.6437,gaze_sample,"{""target"": ""room-large-variation""}"
15,Baseline,False,109.7561,gaze_sample,"{""target"": ""room-large-variation""}"
15,Baseline,False,109.7688,head_tracking,"{""input_type"": ""HandTracking"",""h"": ""27.57,1.35,-1.28"",""l"": ""0.00,0.00,0.00"",""r"": ""0.00,0.00,0.00""}"
15,Baseline,False,109.8663,gaze_sample,"{""target"": ""room-large-variation""}"
15,Baseline,False,109.9771,head_tracking,"{""input_type"": ""HandTracking"",""h"": ""27.57,1.35,-1.28"",""l"": ""0.00,0.00,0.00"",""r"": ""0.00,0.00,0.00""}"
15,Baseline,False,109.9771,gaze_sample,"{""target"": ""room-large-variation""}"
15,Baseline,False,110.0883,gaze_sample,"{""target"": ""room-large-variation""}"
15,Baseline,False,110.1854,head_tracking,"{""input_type"": ""HandTracking"",""h"": ""27.57,1.35,-1.27"",""l"": ""0.00,0.00,0.00"",""r"": ""0.00,0.00,0.00""}"
15,Baseline,False,110.1993,gaze_sample,"{""target"": ""room-large-variation""}"
15,Baseline,False,110.3106,gaze_sample,"{""target"": ""room-large-variation""}"
15,Baseline,False,110.3938,head_tracking,"{""input_type"": ""HandTracking"",""h"": ""27.57,1.36,-1.27"",""l"": ""0.00,0.00,0.00"",""r"": ""0.00,0.00,0.00""}"
15,Baseline,False,110.4216,gaze_sample,"{""target"": ""room-large-variation""}"
15,Baseline,False,110.5328,gaze_sample,"{""target"": ""room-large-variation""}"
15,Baseline,False,110.6021,head_tracking,"{""input_type"": ""HandTracking"",""h"": ""27.57,1.36,-1.27"",""l"": ""0.00,0.00,0.00"",""r"": ""0.00,0.00,0.00""}"
15,Baseline,False,110.6439,gaze_sample,"{""target"": ""room-large-variation""}"
15,Baseline,False,110.755,gaze_sample,"{""target"": ""room-large-variation""}"
15,Baseline,False,110.8106,head_tracking,"{""input_type"": ""HandTracking"",""h"": ""27.57,1.36,-1.27"",""l"": ""0.00,0.00,0.00"",""r"": ""0.00,0.00,0.00""}"
15,Baseline,False,110.866,gaze_sample,"{""target"": ""room-large-variation""}"
15,Baseline,False,110.9771,gaze_sample,"{""target"": ""room-large-variation""}"
15,Baseline,False,111.0191,head_tracking,"{""input_type"": ""HandTracking"",""h"": ""27.57,1.35,-1.28"",""l"": ""0.00,0.00,0.00"",""r"": ""0.00,0.00,0.00""}"
15,Baseline,False,111.0883,gaze_sample,"{""target"": ""room-large-variation""}"
15,Baseline,False,111.1993,gaze_sample,"{""target"": ""room-large-variation""}"
15,Baseline,False,111.2272,head_tracking,"{""input_type"": ""HandTracking"",""h"": ""27.57,1.35,-1.28"",""l"": ""0.00,0.00,0.00"",""r"": ""0.00,0.00,0.00""}"
15,Baseline,False,111.3109,gaze_sample,"{""target"": ""room-large-variation""}"
15,Baseline,False,111.4216,gaze_sample,"{""target"": ""room-large-variation""}"
15,Baseline,False,111.4354,head_tracking,"{""input_type"": ""HandTracking"",""h"": ""27.56,1.35,-1.28"",""l"": ""0.00,0.00,0.00"",""r"": ""0.00,0.00,0.00""}"
15,Baseline,False,111.5328,gaze_sample,"{""target"": ""room-large-variation""}"
15,Baseline,False,111.6437,head_tracking,"{""input_type"": ""HandTracking"",""h"": ""27.57,1.35,-1.29"",""l"": ""0.00,0.00,0.00"",""r"": ""0.00,0.00,0.00""}"
15,Baseline,False,111.6437,gaze_sample,"{""target"": ""room-large-variation""}"
15,Baseline,False,111.755,gaze_sample,"{""target"": ""room-large-variation""}"
15,Baseline,False,111.8522,head_tracking,"{""input_type"": ""HandTracking"",""h"": ""27.57,1.35,-1.28"",""l"": ""0.00,0.00,0.00"",""r"": ""0.00,0.00,0.00""}"
15,Baseline,False,111.8658,gaze_sample,"{""target"": ""room-large-variation""}"
15,Baseline,False,111.9772,gaze_sample,"{""target"": ""room-large-variation""}"
15,Baseline,False,112.0603,head_tracking,"{""input_type"": ""HandTracking"",""h"": ""27.57,1.35,-1.28"",""l"": ""0.00,0.00,0.00"",""r"": ""0.00,0.00,0.00""}"
15,Baseline,False,112.0885,gaze_sample,"{""target"": ""room-large-variation""}"
15,Baseline,False,112.1994,gaze_sample,"{""target"": ""room-large-variation""}"
15,Baseline,False,112.2688,head_tracking,"{""input_type"": ""HandTracking"",""h"": ""27.57,1.35,-1.28"",""l"": ""0.00,0.00,0.00"",""r"": ""0.00,0.00,0.00""}"
15,Baseline,False,112.3105,gaze_sample,"{""target"": ""room-large-variation""}"
15,Baseline,False,112.4215,gaze_sample,"{""target"": ""room-large-variation""}"
15,Baseline,False,112.477,head_tracking,"{""input_type"": ""HandTracking"",""h"": ""27.57,1.35,-1.28"",""l"": ""0.00,0.00,0.00"",""r"": ""0.00,0.00,0.00""}"
15,Baseline,False,112.5327,gaze_sample,"{""target"": ""room-large-variation""}"
15,Baseline,False,112.6438,gaze_sample,"{""target"": ""room-large-variation""}"
15,Baseline,False,112.6854,head_tracking,"{""input_type"": ""HandTracking"",""h"": ""27.57,1.35,-1.28"",""l"": ""0.00,0.00,0.00"",""r"": ""0.00,0.00,0.00""}"
15,Baseline,False,112.7549,gaze_sample,"{""target"": ""room-large-variation""}"
15,Baseline,False,112.8659,gaze_sample,"{""target"": ""room-large-variation""}"
15,Baseline,False,112.8939,head_tracking,"{""input_type"": ""HandTracking"",""h"": ""27.57,1.35,-1.28"",""l"": ""0.00,0.00,0.00"",""r"": ""0.00,0.00,0.00""}"
15,Baseline,False,112.977,gaze_sample,"{""target"": ""room-large-variation""}"
15,Baseline,False,113.0882,gaze_sample,"{""target"": ""room-large-variation""}"
15,Baseline,False,113.102,head_tracking,"{""input_type"": ""HandTracking"",""h"": ""27.58,1.35,-1.27"",""l"": ""0.00,0.00,0.00"",""r"": ""0.00,0.00,0.00""}"
15,Baseline,False,113.1991,gaze_sample,"{""target"": ""room-large-variation""}"
15,Baseline,False,113.3102,head_tracking,"{""input_type"": ""HandTracking"",""h"": ""27.58,1.35,-1.27"",""l"": ""0.00,0.00,0.00"",""r"": ""0.00,0.00,0.00""}"
15,Baseline,False,113.3102,gaze_sample,"{""target"": ""room-large-variation""}"
15,Baseline,False,113.4215,gaze_sample,"{""target"": ""room-large-variation""}"
15,Baseline,False,113.5186,head_tracking,"{""input_type"": ""HandTracking"",""h"": ""27.59,1.35,-1.26"",""l"": ""0.00,0.00,0.00"",""r"": ""0.00,0.00,0.00""}"
15,Baseline,False,113.533,gaze_sample,"{""target"": ""room-large-variation""}"
15,Baseline,False,113.6434,gaze_sample,"{""target"": ""room-large-variation""}"
15,Baseline,False,113.7269,head_tracking,"{""input_type"": ""HandTracking"",""h"": ""27.59,1.35,-1.26"",""l"": ""0.00,0.00,0.00"",""r"": ""0.00,0.00,0.00""}"
15,Baseline,False,113.7547,gaze_sample,"{""target"": ""room-large-variation""}"
15,Baseline,False,113.8668,gaze_sample,"{""target"": ""room-large-variation""}"
15,Baseline,False,113.935,head_tracking,"{""input_type"": ""HandTracking"",""h"": ""27.59,1.35,-1.26"",""l"": ""0.00,0.00,0.00"",""r"": ""0.00,0.00,0.00""}"
15,Baseline,False,113.9766,gaze_sample,"{""target"": ""room-large-variation""}"
15,Baseline,False,114.0878,gaze_sample,"{""target"": ""room-large-variation""}"
15,Baseline,False,114.1434,head_tracking,"{""input_type"": ""HandTracking"",""h"": ""27.59,1.35,-1.27"",""l"": ""0.00,0.00,0.00"",""r"": ""0.00,0.00,0.00""}"
15,Baseline,False,114.1991,gaze_sample,"{""target"": ""room-large-variation""}"
15,Baseline,False,114.2268,interaction,"{""item"": ""P_R_H Battery (4)"", ""action"": ""grab""}"
15,Baseline,False,114.3133,gaze_sample,"{""target"": ""room-large-variation""}"
15,Baseline,False,114.353,head_tracking,"{""input_type"": ""HandTracking"",""h"": ""27.59,1.35,-1.27"",""l"": ""0.00,0.00,0.00"",""r"": ""0.00,0.00,0.00""}"
15,Baseline,False,114.4215,gaze_sample,"{""target"": ""room-large-variation""}"
15,Baseline,False,114.5323,gaze_sample,"{""target"": ""room-large-variation""}"
15,Baseline,False,114.56,head_tracking,"{""input_type"": ""HandTracking"",""h"": ""27.59,1.35,-1.27"",""l"": ""0.00,0.00,0.00"",""r"": ""0.00,0.00,0.00""}"
15,Baseline,False,114.6431,gaze_sample,"{""target"": ""room-large-variation""}"
15,Baseline,False,114.7542,gaze_sample,"{""target"": ""room-large-variation""}"
15,Baseline,False,114.7683,head_tracking,"{""input_type"": ""HandTracking"",""h"": ""27.59,1.35,-1.26"",""l"": ""0.00,0.00,0.00"",""r"": ""0.00,0.00,0.00""}"
15,Baseline,False,114.8654,gaze_sample,"{""target"": ""room-large-variation""}"
15,Baseline,False,114.9767,head_tracking,"{""input_type"": ""HandTracking"",""h"": ""27.59,1.35,-1.26"",""l"": ""0.00,0.00,0.00"",""r"": ""0.00,0.00,0.00""}"
15,Baseline,False,114.9767,gaze_sample,"{""target"": ""room-large-variation""}"
15,Baseline,False,115.0881,gaze_sample,"{""target"": ""room-large-variation""}"
15,Baseline,False,115.1863,head_tracking,"{""input_type"": ""HandTracking"",""h"": ""27.59,1.35,-1.26"",""l"": ""0.00,0.00,0.00"",""r"": ""0.00,0.00,0.00""}"
15,Baseline,False,115.1987,gaze_sample,"{""target"": ""room-large-variation""}"
15,Baseline,False,115.3099,gaze_sample,"{""target"": ""room-large-variation""}"
15,Baseline,False,115.3933,head_tracking,"{""input_type"": ""HandTracking"",""h"": ""27.59,1.35,-1.26"",""l"": ""0.00,0.00,0.00"",""r"": ""0.00,0.00,0.00""}"
15,Baseline,False,115.421,gaze_sample,"{""target"": ""room-large-variation""}"
15,Baseline,False,115.532,gaze_sample,"{""target"": ""room-large-variation""}"
15,Baseline,False,115.6018,head_tracking,"{""input_type"": ""HandTracking"",""h"": ""27.59,1.35,-1.26"",""l"": ""0.00,0.00,0.00"",""r"": ""0.00,0.00,0.00""}"
15,Baseline,False,115.6437,gaze_sample,"{""target"": ""room-large-variation""}"
15,Baseline,False,115.7544,gaze_sample,"{""target"": ""room-large-variation""}"
15,Baseline,False,115.8102,head_tracking,"{""input_type"": ""HandTracking"",""h"": ""27.58,1.35,-1.27"",""l"": ""0.00,0.00,0.00"",""r"": ""0.00,0.00,0.00""}"
15,Baseline,False,115.8656,gaze_sample,"{""target"": ""room-large-variation""}"
15,Baseline,False,115.9768,gaze_sample,"{""target"": ""room-large-variation""}"
15,Baseline,False,116.0183,head_tracking,"{""input_type"": ""HandTracking"",""h"": ""27.58,1.35,-1.27"",""l"": ""0.00,0.00,0.00"",""r"": ""0.00,0.00,0.00""}"
15,Baseline,False,116.0877,gaze_sample,"{""target"": ""room-large-variation""}"
15,Baseline,False,116.199,gaze_sample,"{""target"": ""room-large-variation""}"
15,Baseline,False,116.2129,interaction,"{""item"": ""P_R_H Battery (4)"", ""action"": ""grab""}"
15,Baseline,False,116.2267,head_tracking,"{""input_type"": ""HandTracking"",""h"": ""27.58,1.35,-1.28"",""l"": ""0.00,0.00,0.00"",""r"": ""0.00,0.00,0.00""}"
15,Baseline,False,116.3104,gaze_sample,"{""target"": ""room-large-variation""}"
15,Baseline,False,116.4216,gaze_sample,"{""target"": ""room-large-variation""}"
15,Baseline,False,116.4353,head_tracking,"{""input_type"": ""HandTracking"",""h"": ""27.58,1.35,-1.28"",""l"": ""0.00,0.00,0.00"",""r"": ""0.00,0.00,0.00""}"
15,Baseline,False,116.5322,gaze_sample,"{""target"": ""room-large-variation""}"
15,Baseline,False,116.6435,head_tracking,"{""input_type"": ""HandTracking"",""h"": ""27.58,1.35,-1.27"",""l"": ""0.00,0.00,0.00"",""r"": ""0.00,0.00,0.00""}"
15,Baseline,False,116.6435,gaze_sample,"{""target"": ""room-large-variation""}"
15,Baseline,False,116.7547,gaze_sample,"{""target"": ""room-large-variation""}"
15,Baseline,False,116.852,head_tracking,"{""input_type"": ""HandTracking"",""h"": ""27.58,1.35,-1.27"",""l"": ""0.00,0.00,0.00"",""r"": ""0.00,0.00,0.00""}"
15,Baseline,False,116.8658,gaze_sample,"{""target"": ""room-large-variation""}"
15,Baseline,False,116.9779,gaze_sample,"{""target"": ""room-large-variation""}"
15,Baseline,False,117.0605,head_tracking,"{""input_type"": ""HandTracking"",""h"": ""27.58,1.35,-1.27"",""l"": ""0.00,0.00,0.00"",""r"": ""0.00,0.00,0.00""}"
15,Baseline,False,117.0878,gaze_sample,"{""target"": ""room-large-variation""}"
15,Baseline,False,117.199,gaze_sample,"{""target"": ""room-large-variation""}"
15,Baseline,False,117.2683,head_tracking,"{""input_type"": ""HandTracking"",""h"": ""27.58,1.35,-1.28"",""l"": ""0.00,0.00,0.00"",""r"": ""0.00,0.00,0.00""}"
15,Baseline,False,117.3112,gaze_sample,"{""target"": ""room-large-variation""}"
15,Baseline,False,117.421,gaze_sample,"{""target"": ""room-large-variation""}"
15,Baseline,False,117.4769,head_tracking,"{""input_type"": ""HandTracking"",""h"": ""27.58,1.35,-1.28"",""l"": ""0.00,0.00,0.00"",""r"": ""0.00,0.00,0.00""}"
15,Baseline,False,117.5321,gaze_sample,"{""target"": ""room-large-variation""}"
15,Baseline,False,117.6432,gaze_sample,"{""target"": ""room-large-variation""}"
15,Baseline,False,117.685,head_tracking,"{""input_type"": ""HandTracking"",""h"": ""27.58,1.35,-1.28"",""l"": ""0.00,0.00,0.00"",""r"": ""0.00,0.00,0.00""}"
15,Baseline,False,117.7544,gaze_sample,"{""target"": ""room-large-variation""}"
15,Baseline,False,117.8655,gaze_sample,"{""target"": ""room-large-variation""}"
15,Baseline,False,117.8932,head_tracking,"{""input_type"": ""HandTracking"",""h"": ""27.58,1.35,-1.29"",""l"": ""0.00,0.00,0.00"",""r"": ""0.00,0.00,0.00""}"
15,Baseline,False,117.9765,gaze_sample,"{""target"": ""room-large-variation""}"
15,Baseline,False,118.0877,gaze_sample,"{""target"": ""room-large-variation""}"
15,Baseline,False,118.1014,head_tracking,"{""input_type"": ""HandTracking"",""h"": ""27.59,1.35,-1.29"",""l"": ""0.00,0.00,0.00"",""r"": ""0.00,0.00,0.00""}"
15,Baseline,False,118.1988,gaze_sample,"{""target"": ""room-large-variation""}"
15,Baseline,False,118.3099,head_tracking,"{""input_type"": ""HandTracking"",""h"": ""27.59,1.35,-1.28"",""l"": ""0.00,0.00,0.00"",""r"": ""0.00,0.00,0.00""}"
15,Baseline,False,118.3099,gaze_sample,"{""target"": ""room-large-variation""}"
15,Baseline,False,118.4209,gaze_sample,"{""target"": ""room-large-variation""}"
15,Baseline,False,118.5183,head_tracking,"{""input_type"": ""HandTracking"",""h"": ""27.59,1.36,-1.27"",""l"": ""0.00,0.00,0.00"",""r"": ""0.00,0.00,0.00""}"
15,Baseline,False,118.5322,gaze_sample,"{""target"": ""room-large-variation""}"
15,Baseline,False,118.6436,gaze_sample,"{""target"": ""room-large-variation""}"
15,Baseline,False,118.7267,head_tracking,"{""input_type"": ""HandTracking"",""h"": ""27.59,1.36,-1.26"",""l"": ""0.00,0.00,0.00"",""r"": ""0.00,0.00,0.00""}"
15,Baseline,False,118.7556,gaze_sample,"{""target"": ""room-large-variation""}"
15,Baseline,False,118.8655,gaze_sample,"{""target"": ""room-large-variation""}"
15,Baseline,False,118.9362,head_tracking,"{""input_type"": ""HandTracking"",""h"": ""27.59,1.36,-1.26"",""l"": ""0.00,0.00,0.00"",""r"": ""0.00,0.00,0.00""}"
15,Baseline,False,118.9765,gaze_sample,"{""target"": ""room-large-variation""}"
15,Baseline,False,119.0879,gaze_sample,"{""target"": ""room-large-variation""}"
15,Baseline,False,119.1435,head_tracking,"{""input_type"": ""HandTracking"",""h"": ""27.58,1.36,-1.24"",""l"": ""0.00,0.00,0.00"",""r"": ""0.00,0.00,0.00""}"
15,Baseline,False,119.1994,gaze_sample,"{""target"": ""room-large-variation""}"
15,Baseline,False,119.3102,gaze_sample,"{""target"": ""room-large-variation""}"
15,Baseline,False,119.3519,head_tracking,"{""input_type"": ""HandTracking"",""h"": ""27.56,1.35,-1.25"",""l"": ""0.00,0.00,0.00"",""r"": ""0.00,0.00,0.00""}"
15,Baseline,False,119.4213,gaze_sample,"{""target"": ""room-large-variation""}"
15,Baseline,False,119.5324,gaze_sample,"{""target"": ""room-large-variation""}"
15,Baseline,False,119.5603,head_tracking,"{""input_type"": ""HandTracking"",""h"": ""27.56,1.35,-1.26"",""l"": ""0.00,0.00,0.00"",""r"": ""0.00,0.00,0.00""}"
15,Baseline,False,119.6436,gaze_sample,"{""target"": ""room-large-variation""}"
15,Baseline,False,119.7547,gaze_sample,"{""target"": ""room-large-variation""}"
15,Baseline,False,119.7686,head_tracking,"{""input_type"": ""HandTracking"",""h"": ""27.55,1.35,-1.26"",""l"": ""0.00,0.00,0.00"",""r"": ""0.00,0.00,0.00""}"
15,Baseline,False,119.8658,gaze_sample,"{""target"": ""room-large-variation""}"
15,Baseline,False,119.9768,head_tracking,"{""input_type"": ""HandTracking"",""h"": ""27.55,1.35,-1.24"",""l"": ""0.00,0.00,0.00"",""r"": ""0.00,0.00,0.00""}"
15,Baseline,False,119.9768,gaze_sample,"{""target"": ""gate-door""}"
15,Baseline,False,120.1849,head_tracking,"{""input_type"": ""HandTracking"",""h"": ""27.54,1.35,-1.22"",""l"": ""0.00,0.00,0.00"",""r"": ""0.00,0.00,0.00""}"
15,Baseline,False,120.31,gaze_sample,"{""target"": ""gate-door""}"
15,Baseline,False,120.3933,head_tracking,"{""input_type"": ""HandTracking"",""h"": ""27.54,1.35,-1.23"",""l"": ""0.00,0.00,0.00"",""r"": ""0.00,0.00,0.00""}"
15,Baseline,False,120.4222,gaze_sample,"{""target"": ""gate-door""}"
15,Baseline,False,120.532,gaze_sample,"{""target"": ""gate-door""}"
15,Baseline,False,120.6016,head_tracking,"{""input_type"": ""HandTracking"",""h"": ""27.55,1.35,-1.26"",""l"": ""0.00,0.00,0.00"",""r"": ""0.00,0.00,0.00""}"
15,Baseline,False,120.643,gaze_sample,"{""target"": ""gate-door""}"
15,Baseline,False,120.7544,gaze_sample,"{""target"": ""gate-door""}"
15,Baseline,False,120.8098,head_tracking,"{""input_type"": ""HandTracking"",""h"": ""27.58,1.35,-1.30"",""l"": ""0.00,0.00,0.00"",""r"": ""0.00,0.00,0.00""}"
15,Baseline,False,120.8651,gaze_sample,"{""target"": ""gate-door""}"
15,Baseline,False,120.9765,gaze_sample,"{""target"": ""gate-door""}"
15,Baseline,False,121.018,head_tracking,"{""input_type"": ""HandTracking"",""h"": ""27.60,1.35,-1.31"",""l"": ""0.00,0.00,0.00"",""r"": ""0.00,0.00,0.00""}"
15,Baseline,False,121.0872,gaze_sample,"{""target"": ""room-large-variation""}"
15,Baseline,False,121.1984,gaze_sample,"{""target"": ""room-large-variation""}"
15,Baseline,False,121.2262,head_tracking,"{""input_type"": ""HandTracking"",""h"": ""27.62,1.34,-1.33"",""l"": ""0.00,0.00,0.00"",""r"": ""0.00,0.00,0.00""}"
15,Baseline,False,121.3096,gaze_sample,"{""target"": ""room-large-variation""}"
15,Baseline,False,121.4206,gaze_sample,"{""target"": ""room-large-variation""}"
15,Baseline,False,121.4343,head_tracking,"{""input_type"": ""HandTracking"",""h"": ""27.65,1.34,-1.34"",""l"": ""0.00,0.00,0.00"",""r"": ""0.00,0.00,0.00""}"
15,Baseline,False,121.5317,gaze_sample,"{""target"": ""room-large-variation""}"
15,Baseline,False,121.6427,head_tracking,"{""input_type"": ""HandTracking"",""h"": ""27.66,1.33,-1.36"",""l"": ""0.00,0.00,0.00"",""r"": ""0.00,0.00,0.00""}"
15,Baseline,False,121.6427,gaze_sample,"{""target"": ""room-large-variation""}"
15,Baseline,False,121.7537,gaze_sample,"{""target"": ""room-large-variation""}"
15,Baseline,False,121.8509,head_tracking,"{""input_type"": ""HandTracking"",""h"": ""27.67,1.32,-1.38"",""l"": ""0.00,0.00,0.00"",""r"": ""0.00,0.00,0.00""}"
15,Baseline,False,121.8648,gaze_sample,"{""target"": ""room-large-variation""}"
15,Baseline,False,121.9762,gaze_sample,"{""target"": ""room-large-variation""}"
15,Baseline,False,122.0592,head_tracking,"{""input_type"": ""HandTracking"",""h"": ""27.67,1.32,-1.40"",""l"": ""0.00,0.00,0.00"",""r"": ""0.00,0.00,0.00""}"
15,Baseline,False,122.087,gaze_sample,"{""target"": ""room-large-variation""}"
15,Baseline,False,122.1979,gaze_sample,"{""target"": ""room-large-variation""}"
15,Baseline,False,122.2675,head_tracking,"{""input_type"": ""HandTracking"",""h"": ""27.68,1.32,-1.40"",""l"": ""0.00,0.00,0.00"",""r"": ""0.00,0.00,0.00""}"
15,Baseline,False,122.3091,gaze_sample,"{""target"": ""room-large-variation""}"
15,Baseline,False,122.4201,gaze_sample,"{""target"": ""room-large-variation""}"
15,Baseline,False,122.4755,head_tracking,"{""input_type"": ""HandTracking"",""h"": ""27.69,1.32,-1.39"",""l"": ""0.00,0.00,0.00"",""r"": ""0.00,0.00,0.00""}"
15,Baseline,False,122.5312,gaze_sample,"{""target"": ""room-large-variation""}"
15,Baseline,False,122.6426,gaze_sample,"{""target"": ""room-large-variation""}"
15,Baseline,False,122.6838,head_tracking,"{""input_type"": ""HandTracking"",""h"": ""27.69,1.32,-1.39"",""l"": ""0.00,0.00,0.00"",""r"": ""0.00,0.00,0.00""}"
15,Baseline,False,122.7543,gaze_sample,"{""target"": ""room-large-variation""}"
15,Baseline,False,122.8645,gaze_sample,"{""target"": ""room-large-variation""}"
15,Baseline,False,122.8922,head_tracking,"{""input_type"": ""HandTracking"",""h"": ""27.70,1.32,-1.39"",""l"": ""0.00,0.00,0.00"",""r"": ""0.00,0.00,0.00""}"
15,Baseline,False,122.9755,gaze_sample,"{""target"": ""room-large-variation""}"
15,Baseline,False,123.0869,gaze_sample,"{""target"": ""room-large-variation""}"
15,Baseline,False,123.1005,head_tracking,"{""input_type"": ""HandTracking"",""h"": ""27.70,1.32,-1.38"",""l"": ""0.00,0.00,0.00"",""r"": ""0.00,0.00,0.00""}"
15,Baseline,False,123.1981,gaze_sample,"{""target"": ""room-large-variation""}"
15,Baseline,False,123.3088,head_tracking,"{""input_type"": ""HandTracking"",""h"": ""27.70,1.32,-1.37"",""l"": ""0.00,0.00,0.00"",""r"": ""0.00,0.00,0.00""}"
15,Baseline,False,123.3088,gaze_sample,"{""target"": ""room-large-variation""}"
15,Baseline,False,123.4198,gaze_sample,"{""target"": ""room-large-variation""}"
15,Baseline,False,123.5171,head_tracking,"{""input_type"": ""HandTracking"",""h"": ""27.70,1.32,-1.37"",""l"": ""0.00,0.00,0.00"",""r"": ""0.00,0.00,0.00""}"
15,Baseline,False,123.5309,gaze_sample,"{""target"": ""room-large-variation""}"
15,Baseline,False,123.642,gaze_sample,"{""target"": ""room-large-variation""}"
15,Baseline,False,123.7256,head_tracking,"{""input_type"": ""HandTracking"",""h"": ""27.69,1.32,-1.36"",""l"": ""0.00,0.00,0.00"",""r"": ""0.00,0.00,0.00""}"
15,Baseline,False,123.7543,gaze_sample,"{""target"": ""room-large-variation""}"
15,Baseline,False,123.8655,gaze_sample,"{""target"": ""room-large-variation""}"
15,Baseline,False,123.9336,head_tracking,"{""input_type"": ""HandTracking"",""h"": ""27.69,1.32,-1.36"",""l"": ""0.00,0.00,0.00"",""r"": ""0.00,0.00,0.00""}"
15,Baseline,False,123.9753,gaze_sample,"{""target"": ""room-large-variation""}"
15,Baseline,False,124.0863,gaze_sample,"{""target"": ""room-large-variation""}"
15,Baseline,False,124.1419,head_tracking,"{""input_type"": ""HandTracking"",""h"": ""27.69,1.32,-1.35"",""l"": ""0.00,0.00,0.00"",""r"": ""0.00,0.00,0.00""}"
15,Baseline,False,124.1976,gaze_sample,"{""target"": ""room-large-variation""}"
15,Baseline,False,124.3086,gaze_sample,"{""target"": ""room-large-variation""}"
15,Baseline,False,124.3503,head_tracking,"{""input_type"": ""HandTracking"",""h"": ""27.69,1.32,-1.35"",""l"": ""0.00,0.00,0.00"",""r"": ""0.00,0.00,0.00""}"
15,Baseline,False,124.4198,gaze_sample,"{""target"": ""Sci-fi platform-fbx (3)""}"
15,Baseline,False,124.5322,gaze_sample,"{""target"": ""room-large-variation""}"
15,Baseline,False,124.5588,head_tracking,"{""input_type"": ""HandTracking"",""h"": ""27.69,1.32,-1.35"",""l"": ""0.00,0.00,0.00"",""r"": ""0.00,0.00,0.00""}"
15,Baseline,False,124.6421,gaze_sample,"{""target"": ""room-large-variation""}"
15,Baseline,False,124.7532,gaze_sample,"{""target"": ""Sci-fi platform-fbx (3)""}"
15,Baseline,False,124.767,head_tracking,"{""input_type"": ""HandTracking"",""h"": ""27.68,1.32,-1.34"",""l"": ""0.00,0.00,0.00"",""r"": ""0.00,0.00,0.00""}"
15,Baseline,False,124.8644,gaze_sample,"{""target"": ""Sci-fi platform-fbx (3)""}"
15,Baseline,False,124.9757,head_tracking,"{""input_type"": ""HandTracking"",""h"": ""27.67,1.32,-1.34"",""l"": ""0.00,0.00,0.00"",""r"": ""0.00,0.00,0.00""}"
15,Baseline,False,124.9757,gaze_sample,"{""target"": ""Sci-fi platform-fbx (3)""}"
15,Baseline,False,125.0869,gaze_sample,"{""target"": ""P_R_H Battery (4)""}"
15,Baseline,False,125.1837,head_tracking,"{""input_type"": ""HandTracking"",""h"": ""27.66,1.32,-1.34"",""l"": ""0.00,0.00,0.00"",""r"": ""0.00,0.00,0.00""}"
15,Baseline,False,125.1975,gaze_sample,"{""target"": ""P_R_H Battery (4)""}"
15,Baseline,False,125.3089,gaze_sample,"{""target"": ""P_R_H Battery (4)""}"
15,Baseline,False,125.3922,head_tracking,"{""input_type"": ""HandTracking"",""h"": ""27.66,1.32,-1.34"",""l"": ""0.00,0.00,0.00"",""r"": ""0.00,0.00,0.00""}"
15,Baseline,False,125.4201,gaze_sample,"{""target"": ""P_R_H Battery (4)""}"
15,Baseline,False,125.5309,gaze_sample,"{""target"": ""P_R_H Battery (4)""}"
15,Baseline,False,125.6004,head_tracking,"{""input_type"": ""HandTracking"",""h"": ""27.67,1.32,-1.34"",""l"": ""0.00,0.00,0.00"",""r"": ""0.00,0.00,0.00""}"
15,Baseline,False,125.6428,gaze_sample,"{""target"": ""P_R_H Battery (4)""}"
15,Baseline,False,125.7533,gaze_sample,"{""target"": ""Sci-fi platform-fbx (3)""}"
15,Baseline,False,125.8088,head_tracking,"{""input_type"": ""HandTracking"",""h"": ""27.67,1.32,-1.34"",""l"": ""0.00,0.00,0.00"",""r"": ""0.00,0.00,0.00""}"
15,Baseline,False,125.8643,gaze_sample,"{""target"": ""Sci-fi platform-fbx (3)""}"
15,Baseline,False,125.9755,gaze_sample,"{""target"": ""Sci-fi platform-fbx (3)""}"
15,Baseline,False,126.0172,head_tracking,"{""input_type"": ""HandTracking"",""h"": ""27.67,1.33,-1.33"",""l"": ""0.00,0.00,0.00"",""r"": ""0.00,0.00,0.00""}"
15,Baseline,False,126.0866,gaze_sample,"{""target"": ""Sci-fi platform-fbx (3)""}"
15,Baseline,False,126.1976,gaze_sample,"{""target"": ""Sci-fi platform-fbx (3)""}"
15,Baseline,False,126.2255,head_tracking,"{""input_type"": ""HandTracking"",""h"": ""27.67,1.33,-1.33"",""l"": ""0.00,0.00,0.00"",""r"": ""0.00,0.00,0.00""}"
15,Baseline,False,126.3087,gaze_sample,"{""target"": ""Sci-fi platform-fbx (3)""}"
15,Baseline,False,126.4197,gaze_sample,"{""target"": ""Sci-fi platform-fbx (3)""}"
15,Baseline,False,126.4337,head_tracking,"{""input_type"": ""HandTracking"",""h"": ""27.67,1.33,-1.33"",""l"": ""0.00,0.00,0.00"",""r"": ""0.00,0.00,0.00""}"
15,Baseline,False,126.5309,gaze_sample,"{""target"": ""Sci-fi platform-fbx (3)""}"
15,Baseline,False,126.6421,head_tracking,"{""input_type"": ""HandTracking"",""h"": ""27.68,1.33,-1.33"",""l"": ""0.00,0.00,0.00"",""r"": ""0.00,0.00,0.00""}"
15,Baseline,False,126.6421,gaze_sample,"{""target"": ""room-large-variation""}"
15,Baseline,False,126.7533,gaze_sample,"{""target"": ""room-large-variation""}"
15,Baseline,False,126.8506,head_tracking,"{""input_type"": ""HandTracking"",""h"": ""27.68,1.33,-1.32"",""l"": ""0.00,0.00,0.00"",""r"": ""0.00,0.00,0.00""}"
15,Baseline,False,126.8644,battery_sorted,"{""total"": 1}"
15,Baseline,False,126.8644,gaze_sample,"{""target"": ""room-large-variation""}"
15,Baseline,False,126.9753,gaze_sample,"{""target"": ""room-large-variation""}"
15,Baseline,False,127.0585,head_tracking,"{""input_type"": ""HandTracking"",""h"": ""27.68,1.33,-1.32"",""l"": ""0.00,0.00,0.00"",""r"": ""0.00,0.00,0.00""}"
15,Baseline,False,127.0865,gaze_sample,"{""target"": ""room-large-variation""}"
15,Baseline,False,127.1974,gaze_sample,"{""target"": ""Sci-fi platform-fbx (3)""}"
15,Baseline,False,127.267,head_tracking,"{""input_type"": ""HandTracking"",""h"": ""27.68,1.33,-1.32"",""l"": ""0.00,0.00,0.00"",""r"": ""0.00,0.00,0.00""}"
15,Baseline,False,127.3089,gaze_sample,"{""target"": ""Sci-fi platform-fbx (3)""}"
15,Baseline,False,127.4198,gaze_sample,"{""target"": ""room-large-variation""}"
15,Baseline,False,127.4755,head_tracking,"{""input_type"": ""HandTracking"",""h"": ""27.68,1.33,-1.32"",""l"": ""0.00,0.00,0.00"",""r"": ""0.00,0.00,0.00""}"
15,Baseline,False,127.5307,gaze_sample,"{""target"": ""room-large-variation""}"
15,Baseline,False,127.6419,gaze_sample,"{""target"": ""room-large-variation""}"
15,Baseline,False,127.6835,head_tracking,"{""input_type"": ""HandTracking"",""h"": ""27.68,1.33,-1.32"",""l"": ""0.00,0.00,0.00"",""r"": ""0.00,0.00,0.00""}"
15,Baseline,False,127.753,gaze_sample,"{""target"": ""room-large-variation""}"
15,Baseline,False,127.8643,gaze_sample,"{""target"": ""room-large-variation""}"
15,Baseline,False,127.8919,head_tracking,"{""input_type"": ""HandTracking"",""h"": ""27.69,1.33,-1.32"",""l"": ""0.00,0.00,0.00"",""r"": ""0.00,0.00,0.00""}"
15,Baseline,False,127.9753,gaze_sample,"{""target"": ""room-large-variation""}"
15,Baseline,False,128.0864,gaze_sample,"{""target"": ""room-large-variation""}"
15,Baseline,False,128.1003,head_tracking,"{""input_type"": ""HandTracking"",""h"": ""27.69,1.33,-1.32"",""l"": ""0.00,0.00,0.00"",""r"": ""0.00,0.00,0.00""}"
15,Baseline,False,128.1975,gaze_sample,"{""target"": ""room-large-variation""}"
15,Baseline,False,128.3088,head_tracking,"{""input_type"": ""HandTracking"",""h"": ""27.68,1.33,-1.33"",""l"": ""0.00,0.00,0.00"",""r"": ""0.00,0.00,0.00""}"
15,Baseline,False,128.3088,gaze_sample,"{""target"": ""room-large-variation""}"
15,Baseline,False,128.4199,gaze_sample,"{""target"": ""room-large-variation""}"
15,Baseline,False,128.5172,head_tracking,"{""input_type"": ""HandTracking"",""h"": ""27.67,1.33,-1.33"",""l"": ""0.00,0.00,0.00"",""r"": ""0.00,0.00,0.00""}"
15,Baseline,False,128.5311,gaze_sample,"{""target"": ""room-large-variation""}"
15,Baseline,False,128.6421,gaze_sample,"{""target"": ""room-large-variation""}"
15,Baseline,False,128.7255,head_tracking,"{""input_type"": ""HandTracking"",""h"": ""27.67,1.33,-1.34"",""l"": ""0.00,0.00,0.00"",""r"": ""0.00,0.00,0.00""}"
15,Baseline,False,128.7543,gaze_sample,"{""target"": ""room-large-variation""}"
15,Baseline,False,128.8645,gaze_sample,"{""target"": ""room-large-variation""}"
15,Baseline,False,128.9339,head_tracking,"{""input_type"": ""HandTracking"",""h"": ""27.66,1.34,-1.34"",""l"": ""0.00,0.00,0.00"",""r"": ""0.00,0.00,0.00""}"
15,Baseline,False,128.976,gaze_sample,"{""target"": ""room-large-variation""}"
15,Baseline,False,129.0863,gaze_sample,"{""target"": ""room-large-variation""}"
15,Baseline,False,129.1422,head_tracking,"{""input_type"": ""HandTracking"",""h"": ""27.64,1.34,-1.34"",""l"": ""0.00,0.00,0.00"",""r"": ""0.00,0.00,0.00""}"
15,Baseline,False,129.1977,gaze_sample,"{""target"": ""room-large-variation""}"
15,Baseline,False,129.3092,gaze_sample,"{""target"": ""gate-door""}"
15,Baseline,False,129.351,head_tracking,"{""input_type"": ""HandTracking"",""h"": ""27.61,1.34,-1.34"",""l"": ""0.00,0.00,0.00"",""r"": ""0.00,0.00,0.00""}"
15,Baseline,False,129.5315,gaze_sample,"{""target"": ""gate-door""}"
15,Baseline,False,129.5591,head_tracking,"{""input_type"": ""HandTracking"",""h"": ""27.59,1.34,-1.35"",""l"": ""0.00,0.00,0.00"",""r"": ""0.00,0.00,0.00""}"
15,Baseline,False,129.6426,gaze_sample,"{""target"": ""room-large-variation""}"
15,Baseline,False,129.7537,gaze_sample,"{""target"": ""room-large-variation""}"
15,Baseline,False,129.7676,head_tracking,"{""input_type"": ""HandTracking"",""h"": ""27.58,1.34,-1.34"",""l"": ""0.00,0.00,0.00"",""r"": ""0.00,0.00,0.00""}"
15,Baseline,False,129.865,gaze_sample,"{""target"": ""room-large-variation""}"
15,Baseline,False,129.9757,head_tracking,"{""input_type"": ""HandTracking"",""h"": ""27.58,1.33,-1.32"",""l"": ""0.00,0.00,0.00"",""r"": ""0.00,0.00,0.00""}"
15,Baseline,False,129.9757,gaze_sample,"{""target"": ""room-large-variation""}"
15,Baseline,False,130.0869,gaze_sample,"{""target"": ""room-large-variation""}"
15,Baseline,False,130.1843,head_tracking,"{""input_type"": ""HandTracking"",""h"": ""27.58,1.32,-1.31"",""l"": ""0.00,0.00,0.00"",""r"": ""0.00,0.00,0.00""}"
15,Baseline,False,130.1981,gaze_sample,"{""target"": ""room-large-variation""}"
15,Baseline,False,130.3093,gaze_sample,"{""target"": ""room-large-variation""}"
15,Baseline,False,130.3937,head_tracking,"{""input_type"": ""HandTracking"",""h"": ""27.58,1.32,-1.30"",""l"": ""0.00,0.00,0.00"",""r"": ""0.00,0.00,0.00""}"
15,Baseline,False,130.4199,gaze_sample,"{""target"": ""room-large-variation""}"
15,Baseline,False,130.5311,gaze_sample,"{""target"": ""room-large-variation""}"
15,Baseline,False,130.6006,head_tracking,"{""input_type"": ""HandTracking"",""h"": ""27.58,1.32,-1.29"",""l"": ""0.00,0.00,0.00"",""r"": ""0.00,0.00,0.00""}"
15,Baseline,False,130.6422,gaze_sample,"{""target"": ""room-large-variation""}"
15,Baseline,False,130.7533,gaze_sample,"{""target"": ""room-large-variation""}"
15,Baseline,False,130.8087,head_tracking,"{""input_type"": ""HandTracking"",""h"": ""27.59,1.32,-1.28"",""l"": ""0.00,0.00,0.00"",""r"": ""0.00,0.00,0.00""}"
15,Baseline,False,130.8644,gaze_sample,"{""target"": ""room-large-variation""}"
15,Baseline,False,130.9754,gaze_sample,"{""target"": ""room-large-variation""}"
15,Baseline,False,131.0171,head_tracking,"{""input_type"": ""HandTracking"",""h"": ""27.59,1.32,-1.28"",""l"": ""0.00,0.00,0.00"",""r"": ""0.00,0.00,0.00""}"
15,Baseline,False,131.0866,gaze_sample,"{""target"": ""room-large-variation""}"
15,Baseline,False,131.198,gaze_sample,"{""target"": ""room-large-variation""}"
15,Baseline,False,131.2256,head_tracking,"{""input_type"": ""HandTracking"",""h"": ""27.58,1.32,-1.28"",""l"": ""0.00,0.00,0.00"",""r"": ""0.00,0.00,0.00""}"
15,Baseline,False,131.3089,gaze_sample,"{""target"": ""room-large-variation""}"
15,Baseline,False,131.4203,gaze_sample,"{""target"": ""room-large-variation""}"
15,Baseline,False,131.4339,head_tracking,"{""input_type"": ""HandTracking"",""h"": ""27.58,1.32,-1.28"",""l"": ""0.00,0.00,0.00"",""r"": ""0.00,0.00,0.00""}"
15,Baseline,False,131.5311,gaze_sample,"{""target"": ""room-large-variation""}"
15,Baseline,False,131.6422,head_tracking,"{""input_type"": ""HandTracking"",""h"": ""27.57,1.32,-1.27"",""l"": ""0.00,0.00,0.00"",""r"": ""0.00,0.00,0.00""}"
15,Baseline,False,131.6422,gaze_sample,"{""target"": ""room-large-variation""}"
15,Baseline,False,131.7534,gaze_sample,"{""target"": ""room-large-variation""}"
15,Baseline,False,131.8503,head_tracking,"{""input_type"": ""HandTracking"",""h"": ""27.57,1.32,-1.27"",""l"": ""0.00,0.00,0.00"",""r"": ""0.00,0.00,0.00""}"
15,Baseline,False,131.8644,gaze_sample,"{""target"": ""room-large-variation""}"
15,Baseline,False,131.9754,gaze_sample,"{""target"": ""room-large-variation""}"
15,Baseline,False,132.0588,head_tracking,"{""input_type"": ""HandTracking"",""h"": ""27.57,1.32,-1.27"",""l"": ""0.00,0.00,0.00"",""r"": ""0.00,0.00,0.00""}"
15,Baseline,False,132.0865,gaze_sample,"{""target"": ""room-large-variation""}"
15,Baseline,False,132.1978,gaze_sample,"{""target"": ""room-large-variation""}"
15,Baseline,False,132.2672,head_tracking,"{""input_type"": ""HandTracking"",""h"": ""27.57,1.32,-1.27"",""l"": ""0.00,0.00,0.00"",""r"": ""0.00,0.00,0.00""}"
15,Baseline,False,132.3089,gaze_sample,"{""target"": ""room-large-variation""}"
15,Baseline,False,132.4199,gaze_sample,"{""target"": ""room-large-variation""}"
15,Baseline,False,132.4754,head_tracking,"{""input_type"": ""HandTracking"",""h"": ""27.57,1.31,-1.27"",""l"": ""0.00,0.00,0.00"",""r"": ""0.00,0.00,0.00""}"
15,Baseline,False,132.531,gaze_sample,"{""target"": ""room-large-variation""}"
15,Baseline,False,132.6421,gaze_sample,"{""target"": ""room-large-variation""}"
15,Baseline,False,132.6838,head_tracking,"{""input_type"": ""HandTracking"",""h"": ""27.57,1.31,-1.27"",""l"": ""0.00,0.00,0.00"",""r"": ""0.00,0.00,0.00""}"
15,Baseline,False,132.7534,gaze_sample,"{""target"": ""room-large-variation""}"
15,Baseline,False,132.8642,gaze_sample,"{""target"": ""room-large-variation""}"
15,Baseline,False,132.8921,head_tracking,"{""input_type"": ""HandTracking"",""h"": ""27.57,1.32,-1.28"",""l"": ""0.00,0.00,0.00"",""r"": ""0.00,0.00,0.00""}"
15,Baseline,False,132.9754,gaze_sample,"{""target"": ""room-large-variation""}"
15,Baseline,False,133.0863,gaze_sample,"{""target"": ""room-large-variation""}"
15,Baseline,False,133.1003,head_tracking,"{""input_type"": ""HandTracking"",""h"": ""27.57,1.32,-1.28"",""l"": ""0.00,0.00,0.00"",""r"": ""0.00,0.00,0.00""}"
15,Baseline,False,133.1978,gaze_sample,"{""target"": ""room-large-variation""}"
15,Baseline,False,133.3088,head_tracking,"{""input_type"": ""HandTracking"",""h"": ""27.57,1.32,-1.29"",""l"": ""0.00,0.00,0.00"",""r"": ""0.00,0.00,0.00""}"
15,Baseline,False,133.3088,gaze_sample,"{""target"": ""room-large-variation""}"
15,Baseline,False,133.4201,gaze_sample,"{""target"": ""room-large-variation""}"
15,Baseline,False,133.5171,head_tracking,"{""input_type"": ""HandTracking"",""h"": ""27.57,1.32,-1.29"",""l"": ""0.00,0.00,0.00"",""r"": ""0.00,0.00,0.00""}"
15,Baseline,False,133.5311,gaze_sample,"{""target"": ""room-large-variation""}"
15,Baseline,False,133.6419,gaze_sample,"{""target"": ""room-large-variation""}"
15,Baseline,False,133.7254,head_tracking,"{""input_type"": ""HandTracking"",""h"": ""27.56,1.31,-1.29"",""l"": ""0.00,0.00,0.00"",""r"": ""0.00,0.00,0.00""}"
15,Baseline,False,133.7533,gaze_sample,"{""target"": ""room-large-variation""}"
15,Baseline,False,133.8641,gaze_sample,"{""target"": ""room-large-variation""}"
15,Baseline,False,133.9337,head_tracking,"{""input_type"": ""HandTracking"",""h"": ""27.56,1.32,-1.28"",""l"": ""0.00,0.00,0.00"",""r"": ""0.00,0.00,0.00""}"
15,Baseline,False,133.9754,gaze_sample,"{""target"": ""room-large-variation""}"
15,Baseline,False,134.0867,gaze_sample,"{""target"": ""room-large-variation""}"
15,Baseline,False,134.142,head_tracking,"{""input_type"": ""HandTracking"",""h"": ""27.56,1.32,-1.28"",""l"": ""0.00,0.00,0.00"",""r"": ""0.00,0.00,0.00""}"
15,Baseline,False,134.1977,gaze_sample,"{""target"": ""room-large-variation""}"
15,Baseline,False,134.3091,gaze_sample,"{""target"": ""room-large-variation""}"
15,Baseline,False,134.3503,head_tracking,"{""input_type"": ""HandTracking"",""h"": ""27.56,1.31,-1.27"",""l"": ""0.00,0.00,0.00"",""r"": ""0.00,0.00,0.00""}"
15,Baseline,False,134.4195,gaze_sample,"{""target"": ""room-large-variation""}"
15,Baseline,False,134.5306,gaze_sample,"{""target"": ""room-large-variation""}"
15,Baseline,False,134.5586,head_tracking,"{""input_type"": ""HandTracking"",""h"": ""27.56,1.32,-1.27"",""l"": ""0.00,0.00,0.00"",""r"": ""0.00,0.00,0.00""}"
15,Baseline,False,134.642,gaze_sample,"{""target"": ""room-large-variation""}"
15,Baseline,False,134.7531,gaze_sample,"{""target"": ""room-large-variation""}"
15,Baseline,False,134.767,head_tracking,"{""input_type"": ""HandTracking"",""h"": ""27.56,1.32,-1.28"",""l"": ""0.00,0.00,0.00"",""r"": ""0.00,0.00,0.00""}"
15,Baseline,False,134.8642,gaze_sample,"{""target"": ""room-large-variation""}"
15,Baseline,False,134.9753,head_tracking,"{""input_type"": ""HandTracking"",""h"": ""27.56,1.32,-1.28"",""l"": ""0.00,0.00,0.00"",""r"": ""0.00,0.00,0.00""}"
15,Baseline,False,134.9753,gaze_sample,"{""target"": ""room-large-variation""}"
15,Baseline,False,135.0864,gaze_sample,"{""target"": ""room-large-variation""}"
15,Baseline,False,135.1837,head_tracking,"{""input_type"": ""HandTracking"",""h"": ""27.56,1.32,-1.28"",""l"": ""0.00,0.00,0.00"",""r"": ""0.00,0.00,0.00""}"
15,Baseline,False,135.1978,gaze_sample,"{""target"": ""room-large-variation""}"
15,Baseline,False,135.3088,gaze_sample,"{""target"": ""room-large-variation""}"
15,Baseline,False,135.3921,head_tracking,"{""input_type"": ""HandTracking"",""h"": ""27.56,1.32,-1.27"",""l"": ""0.00,0.00,0.00"",""r"": ""0.00,0.00,0.00""}"
15,Baseline,False,135.4196,gaze_sample,"{""target"": ""room-large-variation""}"
15,Baseline,False,135.5309,gaze_sample,"{""target"": ""room-large-variation""}"
15,Baseline,False,135.6004,head_tracking,"{""input_type"": ""HandTracking"",""h"": ""27.56,1.32,-1.28"",""l"": ""0.00,0.00,0.00"",""r"": ""0.00,0.00,0.00""}"
15,Baseline,False,135.643,gaze_sample,"{""target"": ""room-large-variation""}"
15,Baseline,False,135.753,gaze_sample,"{""target"": ""room-large-variation""}"
15,Baseline,False,135.8088,head_tracking,"{""input_type"": ""HandTracking"",""h"": ""27.56,1.32,-1.28"",""l"": ""0.00,0.00,0.00"",""r"": ""0.00,0.00,0.00""}"
15,Baseline,False,135.8641,gaze_sample,"{""target"": ""room-large-variation""}"
15,Baseline,False,135.9752,gaze_sample,"{""target"": ""room-large-variation""}"
15,Baseline,False,136.0171,head_tracking,"{""input_type"": ""HandTracking"",""h"": ""27.56,1.32,-1.28"",""l"": ""0.00,0.00,0.00"",""r"": ""0.00,0.00,0.00""}"
15,Baseline,False,136.0863,gaze_sample,"{""target"": ""room-large-variation""}"
15,Baseline,False,136.1977,gaze_sample,"{""target"": ""room-large-variation""}"
15,Baseline,False,136.2253,head_tracking,"{""input_type"": ""HandTracking"",""h"": ""27.56,1.32,-1.28"",""l"": ""0.00,0.00,0.00"",""r"": ""0.00,0.00,0.00""}"
15,Baseline,False,136.3089,gaze_sample,"{""target"": ""room-large-variation""}"
15,Baseline,False,136.4198,gaze_sample,"{""target"": ""room-large-variation""}"
15,Baseline,False,136.4335,head_tracking,"{""input_type"": ""HandTracking"",""h"": ""27.56,1.32,-1.28"",""l"": ""0.00,0.00,0.00"",""r"": ""0.00,0.00,0.00""}"
15,Baseline,False,136.5307,gaze_sample,"{""target"": ""room-large-variation""}"
15,Baseline,False,136.6418,head_tracking,"{""input_type"": ""HandTracking"",""h"": ""27.56,1.32,-1.29"",""l"": ""0.00,0.00,0.00"",""r"": ""0.00,0.00,0.00""}"
15,Baseline,False,136.6418,gaze_sample,"{""target"": ""room-large-variation""}"
15,Baseline,False,136.7528,gaze_sample,"{""target"": ""room-large-variation""}"
15,Baseline,False,136.8501,head_tracking,"{""input_type"": ""HandTracking"",""h"": ""27.56,1.32,-1.29"",""l"": ""0.00,0.00,0.00"",""r"": ""0.00,0.00,0.00""}"
15,Baseline,False,136.864,gaze_sample,"{""target"": ""room-large-variation""}"
15,Baseline,False,136.9752,gaze_sample,"{""target"": ""room-large-variation""}"
15,Baseline,False,137.0585,head_tracking,"{""input_type"": ""HandTracking"",""h"": ""27.56,1.32,-1.29"",""l"": ""0.00,0.00,0.00"",""r"": ""0.00,0.00,0.00""}"
15,Baseline,False,137.0874,gaze_sample,"{""target"": ""room-large-variation""}"
15,Baseline,False,137.1972,gaze_sample,"{""target"": ""room-large-variation""}"
15,Baseline,False,137.2668,head_tracking,"{""input_type"": ""HandTracking"",""h"": ""27.55,1.32,-1.29"",""l"": ""0.00,0.00,0.00"",""r"": ""0.00,0.00,0.00""}"
15,Baseline,False,137.3085,gaze_sample,"{""target"": ""room-large-variation""}"
15,Baseline,False,137.4196,gaze_sample,"{""target"": ""room-large-variation""}"
15,Baseline,False,137.4751,head_tracking,"{""input_type"": ""HandTracking"",""h"": ""27.55,1.32,-1.28"",""l"": ""0.00,0.00,0.00"",""r"": ""0.00,0.00,0.00""}"
15,Baseline,False,137.5306,gaze_sample,"{""target"": ""room-large-variation""}"
15,Baseline,False,137.6418,gaze_sample,"{""target"": ""room-large-variation""}"
15,Baseline,False,137.6833,head_tracking,"{""input_type"": ""HandTracking"",""h"": ""27.56,1.32,-1.28"",""l"": ""0.00,0.00,0.00"",""r"": ""0.00,0.00,0.00""}"
15,Baseline,False,137.7529,gaze_sample,"{""target"": ""room-large-variation""}"
15,Baseline,False,137.864,gaze_sample,"{""target"": ""room-large-variation""}"
15,Baseline,False,137.8918,head_tracking,"{""input_type"": ""HandTracking"",""h"": ""27.56,1.32,-1.28"",""l"": ""0.00,0.00,0.00"",""r"": ""0.00,0.00,0.00""}"
15,Baseline,False,137.975,gaze_sample,"{""target"": ""room-large-variation""}"
15,Baseline,False,138.0862,gaze_sample,"{""target"": ""room-large-variation""}"
15,Baseline,False,138.1003,head_tracking,"{""input_type"": ""HandTracking"",""h"": ""27.56,1.32,-1.28"",""l"": ""0.00,0.00,0.00"",""r"": ""0.00,0.00,0.00""}"
15,Baseline,False,138.1976,gaze_sample,"{""target"": ""room-large-variation""}"
15,Baseline,False,138.3084,head_tracking,"{""input_type"": ""HandTracking"",""h"": ""27.57,1.32,-1.28"",""l"": ""0.00,0.00,0.00"",""r"": ""0.00,0.00,0.00""}"
15,Baseline,False,138.3084,gaze_sample,"{""target"": ""room-large-variation""}"
15,Baseline,False,138.4196,gaze_sample,"{""target"": ""room-large-variation""}"
15,Baseline,False,138.5167,head_tracking,"{""input_type"": ""HandTracking"",""h"": ""27.57,1.32,-1.28"",""l"": ""0.00,0.00,0.00"",""r"": ""0.00,0.00,0.00""}"
15,Baseline,False,138.5307,gaze_sample,"{""target"": ""room-large-variation""}"
15,Baseline,False,138.6417,gaze_sample,"{""target"": ""room-large-variation""}"
15,Baseline,False,138.7252,head_tracking,"{""input_type"": ""HandTracking"",""h"": ""27.57,1.32,-1.27"",""l"": ""0.00,0.00,0.00"",""r"": ""0.00,0.00,0.00""}"
15,Baseline,False,138.753,gaze_sample,"{""target"": ""room-large-variation""}"
15,Baseline,False,138.8639,gaze_sample,"{""target"": ""room-large-variation""}"
15,Baseline,False,138.9335,head_tracking,"{""input_type"": ""HandTracking"",""h"": ""27.57,1.32,-1.27"",""l"": ""0.00,0.00,0.00"",""r"": ""0.00,0.00,0.00""}"
15,Baseline,False,138.9751,gaze_sample,"{""target"": ""room-large-variation""}"
15,Baseline,False,139.0862,gaze_sample,"{""target"": ""room-large-variation""}"
15,Baseline,False,139.1419,head_tracking,"{""input_type"": ""HandTracking"",""h"": ""27.57,1.32,-1.27"",""l"": ""0.00,0.00,0.00"",""r"": ""0.00,0.00,0.00""}"
15,Baseline,False,139.1974,gaze_sample,"{""target"": ""room-large-variation""}"
15,Baseline,False,139.3087,gaze_sample,"{""target"": ""room-large-variation""}"
15,Baseline,False,139.3501,head_tracking,"{""input_type"": ""HandTracking"",""h"": ""27.57,1.32,-1.27"",""l"": ""0.00,0.00,0.00"",""r"": ""0.00,0.00,0.00""}"
15,Baseline,False,139.4195,gaze_sample,"{""target"": ""room-large-variation""}"
15,Baseline,False,139.5307,gaze_sample,"{""target"": ""room-large-variation""}"
15,Baseline,False,139.5584,head_tracking,"{""input_type"": ""HandTracking"",""h"": ""27.57,1.32,-1.28"",""l"": ""0.00,0.00,0.00"",""r"": ""0.00,0.00,0.00""}"
15,Baseline,False,139.6416,gaze_sample,"{""target"": ""room-large-variation""}"
15,Baseline,False,139.7527,gaze_sample,"{""target"": ""room-large-variation""}"
15,Baseline,False,139.7667,head_tracking,"{""input_type"": ""HandTracking"",""h"": ""27.57,1.32,-1.28"",""l"": ""0.00,0.00,0.00"",""r"": ""0.00,0.00,0.00""}"
15,Baseline,False,139.864,gaze_sample,"{""target"": ""room-large-variation""}"
15,Baseline,False,139.9752,head_tracking,"{""input_type"": ""HandTracking"",""h"": ""27.56,1.32,-1.28"",""l"": ""0.00,0.00,0.00"",""r"": ""0.00,0.00,0.00""}"
15,Baseline,False,139.9752,gaze_sample,"{""target"": ""room-large-variation""}"
15,Baseline,False,140.0863,gaze_sample,"{""target"": ""room-large-variation""}"
15,Baseline,False,140.1835,head_tracking,"{""input_type"": ""HandTracking"",""h"": ""27.56,1.32,-1.28"",""l"": ""0.00,0.00,0.00"",""r"": ""0.00,0.00,0.00""}"
15,Baseline,False,140.1976,gaze_sample,"{""target"": ""room-large-variation""}"
15,Baseline,False,140.3086,gaze_sample,"{""target"": ""room-large-variation""}"
15,Baseline,False,140.3926,head_tracking,"{""input_type"": ""HandTracking"",""h"": ""27.57,1.32,-1.28"",""l"": ""0.00,0.00,0.00"",""r"": ""0.00,0.00,0.00""}"
15,Baseline,False,140.4199,gaze_sample,"{""target"": ""room-large-variation""}"
15,Baseline,False,140.5308,gaze_sample,"{""target"": ""room-large-variation""}"
15,Baseline,False,140.6005,head_tracking,"{""input_type"": ""HandTracking"",""h"": ""27.56,1.32,-1.28"",""l"": ""0.00,0.00,0.00"",""r"": ""0.00,0.00,0.00""}"
15,Baseline,False,140.6419,gaze_sample,"{""target"": ""room-large-variation""}"
15,Baseline,False,140.7531,gaze_sample,"{""target"": ""room-large-variation""}"
15,Baseline,False,140.8086,head_tracking,"{""input_type"": ""HandTracking"",""h"": ""27.56,1.32,-1.28"",""l"": ""0.00,0.00,0.00"",""r"": ""0.00,0.00,0.00""}"
15,Baseline,False,140.864,gaze_sample,"{""target"": ""room-large-variation""}"
15,Baseline,False,140.9753,gaze_sample,"{""target"": ""room-large-variation""}"
15,Baseline,False,141.0169,head_tracking,"{""input_type"": ""HandTracking"",""h"": ""27.56,1.32,-1.28"",""l"": ""0.00,0.00,0.00"",""r"": ""0.00,0.00,0.00""}"
15,Baseline,False,141.0863,gaze_sample,"{""target"": ""room-large-variation""}"
15,Baseline,False,141.1976,gaze_sample,"{""target"": ""room-large-variation""}"
15,Baseline,False,141.2254,head_tracking,"{""input_type"": ""HandTracking"",""h"": ""27.56,1.32,-1.28"",""l"": ""0.00,0.00,0.00"",""r"": ""0.00,0.00,0.00""}"
15,Baseline,False,141.3087,gaze_sample,"{""target"": ""room-large-variation""}"
15,Baseline,False,141.4195,gaze_sample,"{""target"": ""room-large-variation""}"
15,Baseline,False,141.4333,head_tracking,"{""input_type"": ""HandTracking"",""h"": ""27.56,1.32,-1.28"",""l"": ""0.00,0.00,0.00"",""r"": ""0.00,0.00,0.00""}"
15,Baseline,False,141.5305,gaze_sample,"{""target"": ""room-large-variation""}"
15,Baseline,False,141.6415,head_tracking,"{""input_type"": ""HandTracking"",""h"": ""27.56,1.32,-1.28"",""l"": ""0.00,0.00,0.00"",""r"": ""0.00,0.00,0.00""}"
15,Baseline,False,141.6415,gaze_sample,"{""target"": ""room-large-variation""}"
15,Baseline,False,141.7527,gaze_sample,"{""target"": ""room-large-variation""}"
15,Baseline,False,141.8497,head_tracking,"{""input_type"": ""HandTracking"",""h"": ""27.56,1.32,-1.28"",""l"": ""0.00,0.00,0.00"",""r"": ""0.00,0.00,0.00""}"
15,Baseline,False,141.8638,gaze_sample,"{""target"": ""room-large-variation""}"
15,Baseline,False,141.975,gaze_sample,"{""target"": ""room-large-variation""}"
15,Baseline,False,142.0581,head_tracking,"{""input_type"": ""HandTracking"",""h"": ""27.56,1.32,-1.28"",""l"": ""0.00,0.00,0.00"",""r"": ""0.00,0.00,0.00""}"
15,Baseline,False,142.0859,gaze_sample,"{""target"": ""room-large-variation""}"
15,Baseline,False,142.1968,gaze_sample,"{""target"": ""room-large-variation""}"
15,Baseline,False,142.2666,head_tracking,"{""input_type"": ""HandTracking"",""h"": ""27.56,1.32,-1.28"",""l"": ""0.00,0.00,0.00"",""r"": ""0.00,0.00,0.00""}"
15,Baseline,False,142.2803,interaction,"{""item"": ""P_R_H Battery (3)"", ""action"": ""grab""}"
15,Baseline,False,142.3082,gaze_sample,"{""target"": ""room-large-variation""}"
15,Baseline,False,142.4194,gaze_sample,"{""target"": ""room-large-variation""}"
15,Baseline,False,142.4748,head_tracking,"{""input_type"": ""HandTracking"",""h"": ""27.56,1.32,-1.28"",""l"": ""0.00,0.00,0.00"",""r"": ""0.00,0.00,0.00""}"
15,Baseline,False,142.5303,gaze_sample,"{""target"": ""room-large-variation""}"
15,Baseline,False,142.6414,gaze_sample,"{""target"": ""room-large-variation""}"
15,Baseline,False,142.6832,head_tracking,"{""input_type"": ""HandTracking"",""h"": ""27.56,1.32,-1.28"",""l"": ""0.00,0.00,0.00"",""r"": ""0.00,0.00,0.00""}"
15,Baseline,False,142.7525,gaze_sample,"{""target"": ""room-large-variation""}"
15,Baseline,False,142.8638,gaze_sample,"{""target"": ""room-large-variation""}"
15,Baseline,False,142.8916,head_tracking,"{""input_type"": ""HandTracking"",""h"": ""27.56,1.32,-1.29"",""l"": ""0.00,0.00,0.00"",""r"": ""0.00,0.00,0.00""}"
15,Baseline,False,142.975,gaze_sample,"{""target"": ""room-large-variation""}"
15,Baseline,False,143.086,gaze_sample,"{""target"": ""P_R_H Battery (3)""}"
15,Baseline,False,143.0999,head_tracking,"{""input_type"": ""HandTracking"",""h"": ""27.56,1.33,-1.29"",""l"": ""0.00,0.00,0.00"",""r"": ""0.00,0.00,0.00""}"
15,Baseline,False,143.1973,gaze_sample,"{""target"": ""room-large-variation""}"
15,Baseline,False,143.3097,head_tracking,"{""input_type"": ""HandTracking"",""h"": ""27.57,1.34,-1.27"",""l"": ""0.00,0.00,0.00"",""r"": ""0.00,0.00,0.00""}"
15,Baseline,False,143.4193,gaze_sample,"{""target"": ""room-large-variation""}"
15,Baseline,False,143.5164,head_tracking,"{""input_type"": ""HandTracking"",""h"": ""27.61,1.34,-1.25"",""l"": ""0.00,0.00,0.00"",""r"": ""0.00,0.00,0.00""}"
15,Baseline,False,143.5302,gaze_sample,"{""target"": ""room-large-variation""}"
15,Baseline,False,143.6411,gaze_sample,"{""target"": ""room-large-variation""}"
15,Baseline,False,143.7245,head_tracking,"{""input_type"": ""HandTracking"",""h"": ""27.63,1.34,-1.27"",""l"": ""0.00,0.00,0.00"",""r"": ""0.00,0.00,0.00""}"
15,Baseline,False,143.7522,gaze_sample,"{""target"": ""room-large-variation""}"
15,Baseline,False,143.8633,gaze_sample,"{""target"": ""room-large-variation""}"
15,Baseline,False,143.933,head_tracking,"{""input_type"": ""HandTracking"",""h"": ""27.63,1.34,-1.28"",""l"": ""0.00,0.00,0.00"",""r"": ""0.00,0.00,0.00""}"
15,Baseline,False,143.9745,gaze_sample,"{""target"": ""room-large-variation""}"
15,Baseline,False,144.0854,gaze_sample,"{""target"": ""room-large-variation""}"
15,Baseline,False,144.1408,head_tracking,"{""input_type"": ""HandTracking"",""h"": ""27.64,1.34,-1.29"",""l"": ""0.00,0.00,0.00"",""r"": ""0.00,0.00,0.00""}"
15,Baseline,False,144.1964,gaze_sample,"{""target"": ""room-large-variation""}"
15,Baseline,False,144.3074,gaze_sample,"{""target"": ""Sci-fi platform-fbx (3)""}"
15,Baseline,False,144.3493,head_tracking,"{""input_type"": ""HandTracking"",""h"": ""27.64,1.33,-1.28"",""l"": ""0.00,0.00,0.00"",""r"": ""0.00,0.00,0.00""}"
15,Baseline,False,144.4187,gaze_sample,"{""target"": ""P_R_H Battery (4)""}"
15,Baseline,False,144.5299,gaze_sample,"{""target"": ""P_R_H Battery (4)""}"
15,Baseline,False,144.5576,head_tracking,"{""input_type"": ""HandTracking"",""h"": ""27.64,1.32,-1.29"",""l"": ""0.00,0.00,0.00"",""r"": ""0.00,0.00,0.00""}"
15,Baseline,False,144.6408,gaze_sample,"{""target"": ""Sci-fi platform-fbx (3)""}"
15,Baseline,False,144.7522,gaze_sample,"{""target"": ""Sci-fi platform-fbx (3)""}"
15,Baseline,False,144.766,head_tracking,"{""input_type"": ""HandTracking"",""h"": ""27.63,1.32,-1.29"",""l"": ""0.00,0.00,0.00"",""r"": ""0.00,0.00,0.00""}"
15,Baseline,False,144.8633,gaze_sample,"{""target"": ""Sci-fi platform-fbx (3)""}"
15,Baseline,False,144.9744,head_tracking,"{""input_type"": ""HandTracking"",""h"": ""27.63,1.32,-1.29"",""l"": ""0.00,0.00,0.00"",""r"": ""0.00,0.00,0.00""}"
15,Baseline,False,144.9744,gaze_sample,"{""target"": ""Sci-fi platform-fbx (3)""}"
15,Baseline,False,145.0871,gaze_sample,"{""target"": ""Sci-fi platform-fbx (3)""}"
15,Baseline,False,145.1827,head_tracking,"{""input_type"": ""HandTracking"",""h"": ""27.63,1.32,-1.29"",""l"": ""0.00,0.00,0.00"",""r"": ""0.00,0.00,0.00""}"
15,Baseline,False,145.1965,gaze_sample,"{""target"": ""Sci-fi platform-fbx (3)""}"
15,Baseline,False,145.2971,gaze_sample,"{""target"": ""Sci-fi platform-fbx (3)""}"
15,Baseline,False,145.3941,head_tracking,"{""input_type"": ""HandTracking"",""h"": ""27.64,1.31,-1.29"",""l"": ""0.00,0.00,0.00"",""r"": ""0.00,0.00,0.00""}"
15,Baseline,False,145.4081,gaze_sample,"{""target"": ""Sci-fi platform-fbx (3)""}"
15,Baseline,False,145.5189,gaze_sample,"{""target"": ""Sci-fi platform-fbx (3)""}"
15,Baseline,False,145.6018,head_tracking,"{""input_type"": ""HandTracking"",""h"": ""27.64,1.32,-1.29"",""l"": ""0.00,0.00,0.00"",""r"": ""0.00,0.00,0.00""}"
15,Baseline,False,145.6295,gaze_sample,"{""target"": ""Sci-fi platform-fbx (3)""}"
15,Baseline,False,145.7382,gaze_sample,"{""target"": ""Sci-fi platform-fbx (3)""}"
15,Baseline,False,145.8067,head_tracking,"{""input_type"": ""HandTracking"",""h"": ""27.64,1.31,-1.29"",""l"": ""0.00,0.00,0.00"",""r"": ""0.00,0.00,0.00""}"
15,Baseline,False,145.8479,gaze_sample,"{""target"": ""Sci-fi platform-fbx (3)""}"
15,Baseline,False,145.9591,gaze_sample,"{""target"": ""Sci-fi platform-fbx (3)""}"
15,Baseline,False,146.0143,head_tracking,"{""input_type"": ""HandTracking"",""h"": ""27.64,1.31,-1.29"",""l"": ""0.00,0.00,0.00"",""r"": ""0.00,0.00,0.00""}"
15,Baseline,False,146.0702,gaze_sample,"{""target"": ""Sci-fi platform-fbx (3)""}"
15,Baseline,False,146.1813,gaze_sample,"{""target"": ""Sci-fi platform-fbx (3)""}"
15,Baseline,False,146.223,head_tracking,"{""input_type"": ""HandTracking"",""h"": ""27.64,1.32,-1.29"",""l"": ""0.00,0.00,0.00"",""r"": ""0.00,0.00,0.00""}"
15,Baseline,False,146.2924,gaze_sample,"{""target"": ""Sci-fi platform-fbx (3)""}"
15,Baseline,False,146.4038,gaze_sample,"{""target"": ""Sci-fi platform-fbx (3)""}"
15,Baseline,False,146.4313,head_tracking,"{""input_type"": ""HandTracking"",""h"": ""27.64,1.32,-1.29"",""l"": ""0.00,0.00,0.00"",""r"": ""0.00,0.00,0.00""}"
15,Baseline,False,146.5146,gaze_sample,"{""target"": ""Sci-fi platform-fbx (3)""}"
15,Baseline,False,146.6255,gaze_sample,"{""target"": ""Sci-fi platform-fbx (3)""}"
15,Baseline,False,146.6396,head_tracking,"{""input_type"": ""HandTracking"",""h"": ""27.64,1.32,-1.29"",""l"": ""0.00,0.00,0.00"",""r"": ""0.00,0.00,0.00""}"
15,Baseline,False,146.7371,gaze_sample,"{""target"": ""Sci-fi platform-fbx (3)""}"
15,Baseline,False,146.8482,head_tracking,"{""input_type"": ""HandTracking"",""h"": ""27.63,1.32,-1.29"",""l"": ""0.00,0.00,0.00"",""r"": ""0.00,0.00,0.00""}"
15,Baseline,False,146.8482,gaze_sample,"{""target"": ""Sci-fi platform-fbx (3)""}"
15,Baseline,False,146.9596,gaze_sample,"{""target"": ""Sci-fi platform-fbx (3)""}"
15,Baseline,False,147.057,head_tracking,"{""input_type"": ""HandTracking"",""h"": ""27.63,1.32,-1.29"",""l"": ""0.00,0.00,0.00"",""r"": ""0.00,0.00,0.00""}"
15,Baseline,False,147.0708,gaze_sample,"{""target"": ""Sci-fi platform-fbx (3)""}"
15,Baseline,False,147.1819,gaze_sample,"{""target"": ""Sci-fi platform-fbx (3)""}"
15,Baseline,False,147.2655,head_tracking,"{""input_type"": ""HandTracking"",""h"": ""27.63,1.32,-1.29"",""l"": ""0.00,0.00,0.00"",""r"": ""0.00,0.00,0.00""}"
15,Baseline,False,147.2931,gaze_sample,"{""target"": ""Sci-fi platform-fbx (3)""}"
15,Baseline,False,147.4042,gaze_sample,"{""target"": ""Sci-fi platform-fbx (3)""}"
15,Baseline,False,147.4738,head_tracking,"{""input_type"": ""HandTracking"",""h"": ""27.63,1.32,-1.28"",""l"": ""0.00,0.00,0.00"",""r"": ""0.00,0.00,0.00""}"
15,Baseline,False,147.5169,gaze_sample,"{""target"": ""Sci-fi platform-fbx (3)""}"
15,Baseline,False,147.6266,gaze_sample,"{""target"": ""Sci-fi platform-fbx (3)""}"
15,Baseline,False,147.6827,head_tracking,"{""input_type"": ""HandTracking"",""h"": ""27.63,1.32,-1.28"",""l"": ""0.00,0.00,0.00"",""r"": ""0.00,0.00,0.00""}"
15,Baseline,False,147.7377,gaze_sample,"{""target"": ""Sci-fi platform-fbx (3)""}"
15,Baseline,False,147.8488,gaze_sample,"{""target"": ""Sci-fi platform-fbx (3)""}"
15,Baseline,False,147.8905,head_tracking,"{""input_type"": ""HandTracking"",""h"": ""27.63,1.32,-1.28"",""l"": ""0.00,0.00,0.00"",""r"": ""0.00,0.00,0.00""}"
15,Baseline,False,147.96,gaze_sample,"{""target"": ""Sci-fi platform-fbx (3)""}"
15,Baseline,False,148.0296,gate_opened,"{""gate"": ""gate-lasers (1)""}"
15,Baseline,False,148.0296,battery_sorted,"{""total"": 2}"
15,Baseline,False,148.0712,gaze_sample,"{""target"": ""Sci-fi platform-fbx (3)""}"
15,Baseline,False,148.0989,head_tracking,"{""input_type"": ""HandTracking"",""h"": ""27.64,1.32,-1.28"",""l"": ""0.00,0.00,0.00"",""r"": ""0.00,0.00,0.00""}"
15,Baseline,False,148.1824,gaze_sample,"{""target"": ""Sci-fi platform-fbx (3)""}"
15,Baseline,False,148.2941,gaze_sample,"{""target"": ""Sci-fi platform-fbx (3)""}"
15,Baseline,False,148.3071,head_tracking,"{""input_type"": ""HandTracking"",""h"": ""27.64,1.32,-1.28"",""l"": ""0.00,0.00,0.00"",""r"": ""0.00,0.00,0.00""}"
15,Baseline,False,148.4046,gaze_sample,"{""target"": ""Sci-fi platform-fbx (3)""}"
15,Baseline,False,148.5155,head_tracking,"{""input_type"": ""HandTracking"",""h"": ""27.64,1.32,-1.28"",""l"": ""0.00,0.00,0.00"",""r"": ""0.00,0.00,0.00""}"
15,Baseline,False,148.5155,gaze_sample,"{""target"": ""Sci-fi platform-fbx (3)""}"
15,Baseline,False,148.6266,gaze_sample,"{""target"": ""Sci-fi platform-fbx (3)""}"
15,Baseline,False,148.724,head_tracking,"{""input_type"": ""HandTracking"",""h"": ""27.64,1.32,-1.28"",""l"": ""0.00,0.00,0.00"",""r"": ""0.00,0.00,0.00""}"
15,Baseline,False,148.7379,gaze_sample,"{""target"": ""Sci-fi platform-fbx (3)""}"
15,Baseline,False,148.8496,gaze_sample,"{""target"": ""P_R_H Battery (4)""}"
15,Baseline,False,148.9326,head_tracking,"{""input_type"": ""HandTracking"",""h"": ""27.65,1.32,-1.28"",""l"": ""0.00,0.00,0.00"",""r"": ""0.00,0.00,0.00""}"
15,Baseline,False,148.9603,gaze_sample,"{""target"": ""Sci-fi platform-fbx (3)""}"
15,Baseline,False,149.0726,gaze_sample,"{""target"": ""Sci-fi platform-fbx (3)""}"
15,Baseline,False,149.1409,head_tracking,"{""input_type"": ""HandTracking"",""h"": ""27.66,1.33,-1.29"",""l"": ""0.00,0.00,0.00"",""r"": ""0.00,0.00,0.00""}"
15,Baseline,False,149.1826,gaze_sample,"{""target"": ""Sci-fi platform-fbx (3)""}"
15,Baseline,False,149.2937,gaze_sample,"{""target"": ""room-large-variation""}"
15,Baseline,False,149.3495,head_tracking,"{""input_type"": ""HandTracking"",""h"": ""27.68,1.33,-1.29"",""l"": ""0.00,0.00,0.00"",""r"": ""0.00,0.00,0.00""}"
15,Baseline,False,149.4046,gaze_sample,"{""target"": ""room-large-variation""}"
15,Baseline,False,149.5155,gaze_sample,"{""target"": ""room-large-variation""}"
15,Baseline,False,149.5571,head_tracking,"{""input_type"": ""HandTracking"",""h"": ""27.70,1.32,-1.28"",""l"": ""0.00,0.00,0.00"",""r"": ""0.00,0.00,0.00""}"
15,Baseline,False,149.6271,gaze_sample,"{""target"": ""Sci-fi platform-fbx (2)""}"
15,Baseline,False,149.7384,gaze_sample,"{""target"": ""room-large-variation""}"
15,Baseline,False,149.7653,head_tracking,"{""input_type"": ""HandTracking"",""h"": ""27.69,1.32,-1.28"",""l"": ""0.00,0.00,0.00"",""r"": ""0.00,0.00,0.00""}"
15,Baseline,False,149.849,gaze_sample,"{""target"": ""room-large-variation""}"
15,Baseline,False,149.9602,gaze_sample,"{""target"": ""P_R_H Battery (4)""}"
15,Baseline,False,149.9741,head_tracking,"{""input_type"": ""HandTracking"",""h"": ""27.66,1.32,-1.28"",""l"": ""0.00,0.00,0.00"",""r"": ""0.00,0.00,0.00""}"
15,Baseline,False,150.0715,gaze_sample,"{""target"": ""room-large-variation""}"
15,Baseline,False,150.1827,head_tracking,"{""input_type"": ""HandTracking"",""h"": ""27.61,1.33,-1.30"",""l"": ""0.00,0.00,0.00"",""r"": ""0.00,0.00,0.00""}"
15,Baseline,False,150.1827,gaze_sample,"{""target"": ""room-large-variation""}"
15,Baseline,False,150.3921,head_tracking,"{""input_type"": ""HandTracking"",""h"": ""27.58,1.32,-1.32"",""l"": ""0.00,0.00,0.00"",""r"": ""0.00,0.00,0.00""}"
15,Baseline,False,150.4054,gaze_sample,"{""target"": ""gate-door""}"
15,Baseline,False,150.5167,gaze_sample,"{""target"": ""room-large-variation""}"
15,Baseline,False,150.5999,head_tracking,"{""input_type"": ""HandTracking"",""h"": ""27.56,1.31,-1.32"",""l"": ""0.00,0.00,0.00"",""r"": ""0.00,0.00,0.00""}"
15,Baseline,False,150.6276,gaze_sample,"{""target"": ""room-large-variation""}"
15,Baseline,False,150.7389,gaze_sample,"{""target"": ""room-large-variation""}"
15,Baseline,False,150.8084,head_tracking,"{""input_type"": ""HandTracking"",""h"": ""27.55,1.31,-1.28"",""l"": ""0.00,0.00,0.00"",""r"": ""0.00,0.00,0.00""}"
15,Baseline,False,150.8501,gaze_sample,"{""target"": ""gate-door""}"
15,Baseline,False,150.9612,gaze_sample,"{""target"": ""room-large-variation""}"
15,Baseline,False,151.0166,head_tracking,"{""input_type"": ""HandTracking"",""h"": ""27.54,1.32,-1.23"",""l"": ""0.00,0.00,0.00"",""r"": ""0.00,0.00,0.00""}"
15,Baseline,False,151.072,gaze_sample,"{""target"": ""room-large-variation""}"
15,Baseline,False,151.183,gaze_sample,"{""target"": ""Sci-fi platform-fbx (3)""}"
15,Baseline,False,151.2243,head_tracking,"{""input_type"": ""HandTracking"",""h"": ""27.50,1.32,-1.19"",""l"": ""0.00,0.00,0.00"",""r"": ""0.00,0.00,0.00""}"
15,Baseline,False,151.2939,gaze_sample,"{""target"": ""Sci-fi platform-fbx (3)""}"
15,Baseline,False,151.4045,gaze_sample,"{""target"": ""room-large-variation""}"
15,Baseline,False,151.4325,head_tracking,"{""input_type"": ""HandTracking"",""h"": ""27.44,1.35,-1.16"",""l"": ""0.00,0.00,0.00"",""r"": ""0.00,0.00,0.00""}"
15,Baseline,False,151.5155,gaze_sample,"{""target"": ""room-large-variation""}"
15,Baseline,False,151.6267,gaze_sample,"{""target"": ""room-large-variation""}"
15,Baseline,False,151.6409,head_tracking,"{""input_type"": ""HandTracking"",""h"": ""27.46,1.37,-1.17"",""l"": ""0.00,0.00,0.00"",""r"": ""0.00,0.00,0.00""}"
15,Baseline,False,151.738,gaze_sample,"{""target"": ""room-large-variation""}"
15,Baseline,False,151.8488,head_tracking,"{""input_type"": ""HandTracking"",""h"": ""27.50,1.34,-1.21"",""l"": ""0.00,0.00,0.00"",""r"": ""0.00,0.00,0.00""}"
15,Baseline,False,151.8488,gaze_sample,"{""target"": ""Sci-fi platform-fbx (2)""}"
15,Baseline,False,151.96,gaze_sample,"{""target"": ""template-wall-detail-a""}"
15,Baseline,False,152.0574,head_tracking,"{""input_type"": ""HandTracking"",""h"": ""27.52,1.35,-1.25"",""l"": ""0.00,0.00,0.00"",""r"": ""0.00,0.00,0.00""}"
15,Baseline,False,152.0712,gaze_sample,"{""target"": ""template-wall-detail-a""}"
15,Baseline,False,152.182,gaze_sample,"{""target"": ""room-large-variation""}"
15,Baseline,False,152.2656,head_tracking,"{""input_type"": ""HandTracking"",""h"": ""27.51,1.35,-1.27"",""l"": ""0.00,0.00,0.00"",""r"": ""0.00,0.00,0.00""}"
15,Baseline,False,152.2933,gaze_sample,"{""target"": ""room-large-variation""}"
15,Baseline,False,152.4044,gaze_sample,"{""target"": ""room-large-variation""}"
15,Baseline,False,152.474,head_tracking,"{""input_type"": ""HandTracking"",""h"": ""27.51,1.34,-1.28"",""l"": ""0.00,0.00,0.00"",""r"": ""0.00,0.00,0.00""}"
15,Baseline,False,152.5158,gaze_sample,"{""target"": ""room-large-variation""}"
15,Baseline,False,152.6265,gaze_sample,"{""target"": ""room-large-variation""}"
15,Baseline,False,152.6821,head_tracking,"{""input_type"": ""HandTracking"",""h"": ""27.53,1.34,-1.29"",""l"": ""0.00,0.00,0.00"",""r"": ""0.00,0.00,0.00""}"
15,Baseline,False,152.7383,gaze_sample,"{""target"": ""room-large-variation""}"
15,Baseline,False,152.849,gaze_sample,"{""target"": ""room-large-variation""}"
15,Baseline,False,152.8906,head_tracking,"{""input_type"": ""HandTracking"",""h"": ""27.53,1.34,-1.29"",""l"": ""0.00,0.00,0.00"",""r"": ""0.00,0.00,0.00""}"
15,Baseline,False,152.9602,gaze_sample,"{""target"": ""room-large-variation""}"
15,Baseline,False,153.0711,gaze_sample,"{""target"": ""room-large-variation""}"
15,Baseline,False,153.0988,head_tracking,"{""input_type"": ""HandTracking"",""h"": ""27.51,1.33,-1.28"",""l"": ""0.00,0.00,0.00"",""r"": ""0.00,0.00,0.00""}"
15,Baseline,False,153.1823,gaze_sample,"{""target"": ""room-large-variation""}"
15,Baseline,False,153.2935,gaze_sample,"{""target"": ""room-large-variation""}"
15,Baseline,False,153.3072,head_tracking,"{""input_type"": ""HandTracking"",""h"": ""27.46,1.32,-1.24"",""l"": ""0.00,0.00,0.00"",""r"": ""0.00,0.00,0.00""}"
15,Baseline,False,153.4046,gaze_sample,"{""target"": ""room-large-variation""}"
15,Baseline,False,153.5157,head_tracking,"{""input_type"": ""HandTracking"",""h"": ""27.44,1.34,-1.21"",""l"": ""0.00,0.00,0.00"",""r"": ""0.00,0.00,0.00""}"
15,Baseline,False,153.5157,gaze_sample,"{""target"": ""room-large-variation""}"
15,Baseline,False,153.6271,gaze_sample,"{""target"": ""room-large-variation""}"
15,Baseline,False,153.7245,head_tracking,"{""input_type"": ""HandTracking"",""h"": ""27.46,1.35,-1.24"",""l"": ""0.00,0.00,0.00"",""r"": ""0.00,0.00,0.00""}"
15,Baseline,False,153.7392,gaze_sample,"{""target"": ""room-large-variation""}"
15,Baseline,False,153.8489,gaze_sample,"{""target"": ""gate-lasers (1)""}"
15,Baseline,False,153.9323,head_tracking,"{""input_type"": ""HandTracking"",""h"": ""27.50,1.34,-1.30"",""l"": ""0.00,0.00,0.00"",""r"": ""0.00,0.00,0.00""}"
15,Baseline,False,153.9601,gaze_sample,"{""target"": ""room-large-variation""}"
15,Baseline,False,154.0712,gaze_sample,"{""target"": ""gate-lasers (1)""}"
15,Baseline,False,154.1406,head_tracking,"{""input_type"": ""HandTracking"",""h"": ""27.52,1.35,-1.31"",""l"": ""0.00,0.00,0.00"",""r"": ""0.00,0.00,0.00""}"
15,Baseline,False,154.1833,gaze_sample,"{""target"": ""gate-lasers (1)""}"
15,Baseline,False,154.2938,gaze_sample,"{""target"": ""gate-lasers (1)""}"
15,Baseline,False,154.3491,head_tracking,"{""input_type"": ""HandTracking"",""h"": ""27.52,1.35,-1.31"",""l"": ""0.00,0.00,0.00"",""r"": ""0.00,0.00,0.00""}"
15,Baseline,False,154.4046,gaze_sample,"{""target"": ""gate-lasers (1)""}"
15,Baseline,False,154.5158,gaze_sample,"{""target"": ""gate-lasers (1)""}"
15,Baseline,False,154.5574,head_tracking,"{""input_type"": ""HandTracking"",""h"": ""27.54,1.35,-1.32"",""l"": ""0.00,0.00,0.00"",""r"": ""0.00,0.00,0.00""}"
15,Baseline,False,154.6268,gaze_sample,"{""target"": ""gate-lasers (1)""}"
15,Baseline,False,154.7381,gaze_sample,"{""target"": ""gate-lasers (1)""}"
15,Baseline,False,154.7658,head_tracking,"{""input_type"": ""HandTracking"",""h"": ""27.54,1.35,-1.33"",""l"": ""0.00,0.00,0.00"",""r"": ""0.00,0.00,0.00""}"
15,Baseline,False,154.8491,gaze_sample,"{""target"": ""gate-lasers (1)""}"
15,Baseline,False,154.9603,gaze_sample,"{""target"": ""room-large-variation""}"
15,Baseline,False,154.9741,head_tracking,"{""input_type"": ""HandTracking"",""h"": ""27.55,1.36,-1.33"",""l"": ""0.00,0.00,0.00"",""r"": ""0.00,0.00,0.00""}"
15,Baseline,False,155.0711,gaze_sample,"{""target"": ""room-large-variation""}"
15,Baseline,False,155.1822,head_tracking,"{""input_type"": ""HandTracking"",""h"": ""27.56,1.36,-1.34"",""l"": ""0.00,0.00,0.00"",""r"": ""0.00,0.00,0.00""}"
15,Baseline,False,155.1822,gaze_sample,"{""target"": ""room-large-variation""}"
15,Baseline,False,155.2935,gaze_sample,"{""target"": ""room-large-variation""}"
15,Baseline,False,155.3907,head_tracking,"{""input_type"": ""HandTracking"",""h"": ""27.57,1.36,-1.34"",""l"": ""0.00,0.00,0.00"",""r"": ""0.00,0.00,0.00""}"
15,Baseline,False,155.4047,gaze_sample,"{""target"": ""room-large-variation""}"
15,Baseline,False,155.5154,gaze_sample,"{""target"": ""room-large-variation""}"
15,Baseline,False,155.5988,head_tracking,"{""input_type"": ""HandTracking"",""h"": ""27.57,1.36,-1.34"",""l"": ""0.00,0.00,0.00"",""r"": ""0.00,0.00,0.00""}"
15,Baseline,False,155.6266,gaze_sample,"{""target"": ""room-large-variation""}"
15,Baseline,False,155.7376,gaze_sample,"{""target"": ""room-large-variation""}"
15,Baseline,False,155.808,head_tracking,"{""input_type"": ""HandTracking"",""h"": ""27.57,1.36,-1.35"",""l"": ""0.00,0.00,0.00"",""r"": ""0.00,0.00,0.00""}"
15,Baseline,False,155.8486,gaze_sample,"{""target"": ""room-large-variation""}"
15,Baseline,False,155.9597,gaze_sample,"{""target"": ""room-large-variation""}"
15,Baseline,False,156.0155,head_tracking,"{""input_type"": ""HandTracking"",""h"": ""27.56,1.36,-1.34"",""l"": ""0.00,0.00,0.00"",""r"": ""0.00,0.00,0.00""}"
15,Baseline,False,156.0708,gaze_sample,"{""target"": ""room-large-variation""}"
15,Baseline,False,156.183,gaze_sample,"{""target"": ""room-large-variation""}"
15,Baseline,False,156.2237,head_tracking,"{""input_type"": ""HandTracking"",""h"": ""27.58,1.36,-1.33"",""l"": ""0.00,0.00,0.00"",""r"": ""0.00,0.00,0.00""}"
15,Baseline,False,156.2929,gaze_sample,"{""target"": ""room-large-variation""}"
15,Baseline,False,156.4043,gaze_sample,"{""target"": ""room-large-variation""}"
15,Baseline,False,156.4324,head_tracking,"{""input_type"": ""HandTracking"",""h"": ""27.60,1.36,-1.32"",""l"": ""0.00,0.00,0.00"",""r"": ""0.00,0.00,0.00""}"
15,Baseline,False,156.5156,gaze_sample,"{""target"": ""room-large-variation""}"
15,Baseline,False,156.6267,gaze_sample,"{""target"": ""room-large-variation""}"
15,Baseline,False,156.6407,head_tracking,"{""input_type"": ""HandTracking"",""h"": ""27.61,1.36,-1.30"",""l"": ""0.00,0.00,0.00"",""r"": ""0.00,0.00,0.00""}"
15,Baseline,False,156.7379,gaze_sample,"{""target"": ""room-large-variation""}"
15,Baseline,False,156.8488,head_tracking,"{""input_type"": ""HandTracking"",""h"": ""27.60,1.36,-1.30"",""l"": ""0.00,0.00,0.00"",""r"": ""0.00,0.00,0.00""}"
15,Baseline,False,156.8488,gaze_sample,"{""target"": ""room-large-variation""}"
15,Baseline,False,156.9601,gaze_sample,"{""target"": ""room-large-variation""}"
15,Baseline,False,157.0572,head_tracking,"{""input_type"": ""HandTracking"",""h"": ""27.59,1.35,-1.30"",""l"": ""0.00,0.00,0.00"",""r"": ""0.00,0.00,0.00""}"
15,Baseline,False,157.0711,gaze_sample,"{""target"": ""room-large-variation""}"
15,Baseline,False,157.1823,gaze_sample,"{""target"": ""room-large-variation""}"
15,Baseline,False,157.2655,head_tracking,"{""input_type"": ""HandTracking"",""h"": ""27.59,1.35,-1.30"",""l"": ""0.00,0.00,0.00"",""r"": ""0.00,0.00,0.00""}"
15,Baseline,False,157.2933,gaze_sample,"{""target"": ""room-large-variation""}"
15,Baseline,False,157.4047,gaze_sample,"{""target"": ""room-large-variation""}"
15,Baseline,False,157.4739,head_tracking,"{""input_type"": ""HandTracking"",""h"": ""27.59,1.34,-1.30"",""l"": ""0.00,0.00,0.00"",""r"": ""0.00,0.00,0.00""}"
15,Baseline,False,157.5151,gaze_sample,"{""target"": ""room-large-variation""}"
15,Baseline,False,157.6263,gaze_sample,"{""target"": ""room-large-variation""}"
15,Baseline,False,157.6833,head_tracking,"{""input_type"": ""HandTracking"",""h"": ""27.58,1.34,-1.30"",""l"": ""0.00,0.00,0.00"",""r"": ""0.00,0.00,0.00""}"
15,Baseline,False,157.7373,gaze_sample,"{""target"": ""room-large-variation""}"
15,Baseline,False,157.8487,gaze_sample,"{""target"": ""room-large-variation""}"
15,Baseline,False,157.8903,head_tracking,"{""input_type"": ""HandTracking"",""h"": ""27.55,1.33,-1.28"",""l"": ""0.00,0.00,0.00"",""r"": ""0.00,0.00,0.00""}"
15,Baseline,False,157.9608,gaze_sample,"{""target"": ""room-large-variation""}"
15,Baseline,False,158.0709,gaze_sample,"{""target"": ""room-large-variation""}"
15,Baseline,False,158.0985,head_tracking,"{""input_type"": ""HandTracking"",""h"": ""27.54,1.32,-1.25"",""l"": ""0.00,0.00,0.00"",""r"": ""0.00,0.00,0.00""}"
15,Baseline,False,158.1817,gaze_sample,"{""target"": ""room-large-variation""}"
15,Baseline,False,158.293,gaze_sample,"{""target"": ""room-large-variation""}"
15,Baseline,False,158.3068,head_tracking,"{""input_type"": ""HandTracking"",""h"": ""27.56,1.32,-1.24"",""l"": ""0.00,0.00,0.00"",""r"": ""0.00,0.00,0.00""}"
15,Baseline,False,158.4045,gaze_sample,"{""target"": ""room-large-variation""}"
15,Baseline,False,158.5164,head_tracking,"{""input_type"": ""HandTracking"",""h"": ""27.58,1.32,-1.23"",""l"": ""0.00,0.00,0.00"",""r"": ""0.00,0.00,0.00""}"
15,Baseline,False,158.5164,gaze_sample,"{""target"": ""room-large-variation""}"
15,Baseline,False,158.6262,gaze_sample,"{""target"": ""room-large-variation""}"
15,Baseline,False,158.7233,head_tracking,"{""input_type"": ""HandTracking"",""h"": ""27.59,1.33,-1.23"",""l"": ""0.00,0.00,0.00"",""r"": ""0.00,0.00,0.00""}"
15,Baseline,False,158.7372,gaze_sample,"{""target"": ""room-large-variation""}"
15,Baseline,False,158.8483,gaze_sample,"{""target"": ""room-large-variation""}"
15,Baseline,False,158.9321,head_tracking,"{""input_type"": ""HandTracking"",""h"": ""27.60,1.33,-1.24"",""l"": ""0.00,0.00,0.00"",""r"": ""0.00,0.00,0.00""}"
15,Baseline,False,158.9597,gaze_sample,"{""target"": ""room-large-variation""}"
15,Baseline,False,159.0707,gaze_sample,"{""target"": ""room-large-variation""}"
15,Baseline,False,159.1401,head_tracking,"{""input_type"": ""HandTracking"",""h"": ""27.59,1.33,-1.26"",""l"": ""0.00,0.00,0.00"",""r"": ""0.00,0.00,0.00""}"
15,Baseline,False,159.1819,gaze_sample,"{""target"": ""room-large-variation""}"
15,Baseline,False,159.2929,gaze_sample,"{""target"": ""room-large-variation""}"
15,Baseline,False,159.3485,head_tracking,"{""input_type"": ""HandTracking"",""h"": ""27.58,1.33,-1.27"",""l"": ""0.00,0.00,0.00"",""r"": ""0.00,0.00,0.00""}"
15,Baseline,False,159.4039,gaze_sample,"{""target"": ""room-large-variation""}"
15,Baseline,False,159.5149,gaze_sample,"{""target"": ""room-large-variation""}"
15,Baseline,False,159.557,head_tracking,"{""input_type"": ""HandTracking"",""h"": ""27.56,1.33,-1.29"",""l"": ""0.00,0.00,0.00"",""r"": ""0.00,0.00,0.00""}"
15,Baseline,False,159.6262,gaze_sample,"{""target"": ""room-large-variation""}"
15,Baseline,False,159.7372,gaze_sample,"{""target"": ""gate-lasers (1)""}"
15,Baseline,False,159.7649,head_tracking,"{""input_type"": ""HandTracking"",""h"": ""27.53,1.33,-1.30"",""l"": ""0.00,0.00,0.00"",""r"": ""0.00,0.00,0.00""}"
15,Baseline,False,159.8482,gaze_sample,"{""target"": ""room-large-variation""}"
15,Baseline,False,159.9593,gaze_sample,"{""target"": ""room-large-variation""}"
15,Baseline,False,159.9732,head_tracking,"{""input_type"": ""HandTracking"",""h"": ""27.50,1.33,-1.30"",""l"": ""0.00,0.00,0.00"",""r"": ""0.00,0.00,0.00""}"
15,Baseline,False,160.0705,gaze_sample,"{""target"": ""room-large-variation""}"
15,Baseline,False,160.1815,head_tracking,"{""input_type"": ""HandTracking"",""h"": ""27.50,1.33,-1.30"",""l"": ""0.00,0.00,0.00"",""r"": ""0.00,0.00,0.00""}"
15,Baseline,False,160.1815,gaze_sample,"{""target"": ""room-large-variation""}"
15,Baseline,False,160.2928,gaze_sample,"{""target"": ""room-large-variation""}"
15,Baseline,False,160.39,head_tracking,"{""input_type"": ""HandTracking"",""h"": ""27.51,1.33,-1.30"",""l"": ""0.00,0.00,0.00"",""r"": ""0.00,0.00,0.00""}"
15,Baseline,False,160.4039,gaze_sample,"{""target"": ""room-large-variation""}"
15,Baseline,False,160.5153,gaze_sample,"{""target"": ""room-large-variation""}"
15,Baseline,False,160.5983,head_tracking,"{""input_type"": ""HandTracking"",""h"": ""27.52,1.33,-1.30"",""l"": ""0.00,0.00,0.00"",""r"": ""0.00,0.00,0.00""}"
15,Baseline,False,160.626,gaze_sample,"{""target"": ""room-large-variation""}"
15,Baseline,False,160.7372,gaze_sample,"{""target"": ""room-large-variation""}"
15,Baseline,False,160.8067,head_tracking,"{""input_type"": ""HandTracking"",""h"": ""27.52,1.32,-1.30"",""l"": ""0.00,0.00,0.00"",""r"": ""0.00,0.00,0.00""}"
15,Baseline,False,160.8484,gaze_sample,"{""target"": ""room-large-variation""}"
15,Baseline,False,160.9595,gaze_sample,"{""target"": ""room-large-variation""}"
15,Baseline,False,161.0152,head_tracking,"{""input_type"": ""HandTracking"",""h"": ""27.51,1.33,-1.30"",""l"": ""0.00,0.00,0.00"",""r"": ""0.00,0.00,0.00""}"
15,Baseline,False,161.0706,gaze_sample,"{""target"": ""room-large-variation""}"
15,Baseline,False,161.1817,gaze_sample,"{""target"": ""room-large-variation""}"
15,Baseline,False,161.2234,head_tracking,"{""input_type"": ""HandTracking"",""h"": ""27.51,1.33,-1.31"",""l"": ""0.00,0.00,0.00"",""r"": ""0.00,0.00,0.00""}"
15,Baseline,False,161.2927,gaze_sample,"{""target"": ""room-large-variation""}"
15,Baseline,False,161.4039,gaze_sample,"{""target"": ""room-large-variation""}"
15,Baseline,False,161.4316,head_tracking,"{""input_type"": ""HandTracking"",""h"": ""27.52,1.33,-1.31"",""l"": ""0.00,0.00,0.00"",""r"": ""0.00,0.00,0.00""}"
15,Baseline,False,161.5148,gaze_sample,"{""target"": ""room-large-variation""}"
15,Baseline,False,161.6259,gaze_sample,"{""target"": ""room-large-variation""}"
15,Baseline,False,161.6399,head_tracking,"{""input_type"": ""HandTracking"",""h"": ""27.52,1.33,-1.30"",""l"": ""0.00,0.00,0.00"",""r"": ""0.00,0.00,0.00""}"
15,Baseline,False,161.7369,gaze_sample,"{""target"": ""room-large-variation""}"
15,Baseline,False,161.8481,head_tracking,"{""input_type"": ""HandTracking"",""h"": ""27.53,1.33,-1.30"",""l"": ""0.00,0.00,0.00"",""r"": ""0.00,0.00,0.00""}"
15,Baseline,False,161.8481,gaze_sample,"{""target"": ""gate-lasers (1)""}"
15,Baseline,False,161.9593,gaze_sample,"{""target"": ""gate-lasers (1)""}"
15,Baseline,False,162.0565,head_tracking,"{""input_type"": ""HandTracking"",""h"": ""27.53,1.33,-1.30"",""l"": ""0.00,0.00,0.00"",""r"": ""0.00,0.00,0.00""}"
15,Baseline,False,162.0705,gaze_sample,"{""target"": ""room-large-variation""}"
15,Baseline,False,162.183,gaze_sample,"{""target"": ""room-large-variation""}"
15,Baseline,False,162.2646,head_tracking,"{""input_type"": ""HandTracking"",""h"": ""27.53,1.33,-1.30"",""l"": ""0.00,0.00,0.00"",""r"": ""0.00,0.00,0.00""}"
15,Baseline,False,162.2927,gaze_sample,"{""target"": ""room-large-variation""}"
15,Baseline,False,162.4037,gaze_sample,"{""target"": ""room-large-variation""}"
15,Baseline,False,162.473,head_tracking,"{""input_type"": ""HandTracking"",""h"": ""27.52,1.33,-1.30"",""l"": ""0.00,0.00,0.00"",""r"": ""0.00,0.00,0.00""}"
15,Baseline,False,162.5146,gaze_sample,"{""target"": ""room-large-variation""}"
15,Baseline,False,162.6257,gaze_sample,"{""target"": ""room-large-variation""}"
15,Baseline,False,162.6814,head_tracking,"{""input_type"": ""HandTracking"",""h"": ""27.52,1.32,-1.29"",""l"": ""0.00,0.00,0.00"",""r"": ""0.00,0.00,0.00""}"
15,Baseline,False,162.7369,gaze_sample,"{""target"": ""room-large-variation""}"
15,Baseline,False,162.8481,gaze_sample,"{""target"": ""room-large-variation""}"
15,Baseline,False,162.8896,head_tracking,"{""input_type"": ""HandTracking"",""h"": ""27.53,1.33,-1.29"",""l"": ""0.00,0.00,0.00"",""r"": ""0.00,0.00,0.00""}"
15,Baseline,False,162.9594,gaze_sample,"{""target"": ""room-large-variation""}"
15,Baseline,False,163.0704,gaze_sample,"{""target"": ""room-large-variation""}"
15,Baseline,False,163.0983,head_tracking,"{""input_type"": ""HandTracking"",""h"": ""27.54,1.33,-1.28"",""l"": ""0.00,0.00,0.00"",""r"": ""0.00,0.00,0.00""}"
15,Baseline,False,163.1814,gaze_sample,"{""target"": ""room-large-variation""}"
15,Baseline,False,163.293,gaze_sample,"{""target"": ""room-large-variation""}"
15,Baseline,False,163.3064,head_tracking,"{""input_type"": ""HandTracking"",""h"": ""27.56,1.33,-1.27"",""l"": ""0.00,0.00,0.00"",""r"": ""0.00,0.00,0.00""}"
15,Baseline,False,163.4038,gaze_sample,"{""target"": ""room-large-variation""}"
15,Baseline,False,163.5153,head_tracking,"{""input_type"": ""HandTracking"",""h"": ""27.59,1.33,-1.26"",""l"": ""0.00,0.00,0.00"",""r"": ""0.00,0.00,0.00""}"
15,Baseline,False,163.5153,gaze_sample,"{""target"": ""room-large-variation""}"
15,Baseline,False,163.6258,gaze_sample,"{""target"": ""room-large-variation""}"
15,Baseline,False,163.723,head_tracking,"{""input_type"": ""HandTracking"",""h"": ""27.61,1.32,-1.25"",""l"": ""0.00,0.00,0.00"",""r"": ""0.00,0.00,0.00""}"
15,Baseline,False,163.7368,gaze_sample,"{""target"": ""room-large-variation""}"
15,Baseline,False,163.848,gaze_sample,"{""target"": ""room-large-variation""}"
15,Baseline,False,163.9314,head_tracking,"{""input_type"": ""HandTracking"",""h"": ""27.62,1.32,-1.25"",""l"": ""0.00,0.00,0.00"",""r"": ""0.00,0.00,0.00""}"
15,Baseline,False,163.9591,gaze_sample,"{""target"": ""room-large-variation""}"
15,Baseline,False,164.0702,gaze_sample,"{""target"": ""room-large-variation""}"
15,Baseline,False,164.1395,head_tracking,"{""input_type"": ""HandTracking"",""h"": ""27.60,1.33,-1.26"",""l"": ""0.00,0.00,0.00"",""r"": ""0.00,0.00,0.00""}"
15,Baseline,False,164.1813,gaze_sample,"{""target"": ""room-large-variation""}"
15,Baseline,False,164.2924,gaze_sample,"{""target"": ""room-large-variation""}"
15,Baseline,False,164.3478,head_tracking,"{""input_type"": ""HandTracking"",""h"": ""27.58,1.33,-1.28"",""l"": ""0.00,0.00,0.00"",""r"": ""0.00,0.00,0.00""}"
15,Baseline,False,164.4037,gaze_sample,"{""target"": ""room-large-variation""}"
15,Baseline,False,164.5145,gaze_sample,"{""target"": ""room-large-variation""}"
15,Baseline,False,164.5562,head_tracking,"{""input_type"": ""HandTracking"",""h"": ""27.58,1.33,-1.29"",""l"": ""0.00,0.00,0.00"",""r"": ""0.00,0.00,0.00""}"
15,Baseline,False,164.6258,gaze_sample,"{""target"": ""room-large-variation""}"
15,Baseline,False,164.7372,gaze_sample,"{""target"": ""room-large-variation""}"
15,Baseline,False,164.7649,head_tracking,"{""input_type"": ""HandTracking"",""h"": ""27.59,1.33,-1.30"",""l"": ""0.00,0.00,0.00"",""r"": ""0.00,0.00,0.00""}"
15,Baseline,False,164.8481,gaze_sample,"{""target"": ""room-large-variation""}"
15,Baseline,False,164.9593,gaze_sample,"{""target"": ""room-large-variation""}"
15,Baseline,False,164.9734,head_tracking,"{""input_type"": ""HandTracking"",""h"": ""27.60,1.33,-1.30"",""l"": ""0.00,0.00,0.00"",""r"": ""0.00,0.00,0.00""}"
15,Baseline,False,165.0719,gaze_sample,"{""target"": ""room-large-variation""}"
15,Baseline,False,165.1814,head_tracking,"{""input_type"": ""HandTracking"",""h"": ""27.60,1.33,-1.30"",""l"": ""0.00,0.00,0.00"",""r"": ""0.00,0.00,0.00""}"
15,Baseline,False,165.1814,gaze_sample,"{""target"": ""room-large-variation""}"
15,Baseline,False,165.2926,gaze_sample,"{""target"": ""room-large-variation""}"
15,Baseline,False,165.3899,head_tracking,"{""input_type"": ""HandTracking"",""h"": ""27.61,1.33,-1.29"",""l"": ""0.00,0.00,0.00"",""r"": ""0.00,0.00,0.00""}"
15,Baseline,False,165.4038,gaze_sample,"{""target"": ""room-large-variation""}"
15,Baseline,False,165.5149,gaze_sample,"{""target"": ""room-large-variation""}"
15,Baseline,False,165.598,head_tracking,"{""input_type"": ""HandTracking"",""h"": ""27.61,1.33,-1.29"",""l"": ""0.00,0.00,0.00"",""r"": ""0.00,0.00,0.00""}"
15,Baseline,False,165.6259,gaze_sample,"{""target"": ""room-large-variation""}"
15,Baseline,False,165.7369,gaze_sample,"{""target"": ""room-large-variation""}"
15,Baseline,False,165.8064,head_tracking,"{""input_type"": ""HandTracking"",""h"": ""27.62,1.33,-1.28"",""l"": ""0.00,0.00,0.00"",""r"": ""0.00,0.00,0.00""}"
15,Baseline,False,165.848,gaze_sample,"{""target"": ""room-large-variation""}"
15,Baseline,False,165.9594,gaze_sample,"{""target"": ""room-large-variation""}"
15,Baseline,False,166.0149,head_tracking,"{""input_type"": ""HandTracking"",""h"": ""27.62,1.33,-1.28"",""l"": ""0.00,0.00,0.00"",""r"": ""0.00,0.00,0.00""}"
15,Baseline,False,166.0706,gaze_sample,"{""target"": ""room-large-variation""}"
15,Baseline,False,166.1817,gaze_sample,"{""target"": ""room-large-variation""}"
15,Baseline,False,166.2246,head_tracking,"{""input_type"": ""HandTracking"",""h"": ""27.61,1.33,-1.28"",""l"": ""0.00,0.00,0.00"",""r"": ""0.00,0.00,0.00""}"
15,Baseline,False,166.2926,gaze_sample,"{""target"": ""room-large-variation""}"
15,Baseline,False,166.4043,gaze_sample,"{""target"": ""P_R_H Battery (6)""}"
15,Baseline,False,166.4323,head_tracking,"{""input_type"": ""HandTracking"",""h"": ""39.01,1.33,1.60"",""l"": ""0.00,0.00,0.00"",""r"": ""0.00,0.00,0.00""}"
15,Baseline,False,166.5159,gaze_sample,"{""target"": ""P_R_H Battery (6)""}"
15,Baseline,False,166.627,gaze_sample,"{""target"": ""P_R_H Battery (6)""}"
15,Baseline,False,166.641,head_tracking,"{""input_type"": ""HandTracking"",""h"": ""39.00,1.34,1.60"",""l"": ""0.00,0.00,0.00"",""r"": ""0.00,0.00,0.00""}"
15,Baseline,False,166.7383,gaze_sample,"{""target"": ""P_R_H Battery (6)""}"
15,Baseline,False,166.8493,head_tracking,"{""input_type"": ""HandTracking"",""h"": ""38.98,1.34,1.60"",""l"": ""0.00,0.00,0.00"",""r"": ""0.00,0.00,0.00""}"
15,Baseline,False,166.8493,gaze_sample,"{""target"": ""P_R_H Battery (6)""}"
15,Baseline,False,166.9606,gaze_sample,"{""target"": ""P_R_H Battery (6)""}"
15,Baseline,False,167.0577,head_tracking,"{""input_type"": ""HandTracking"",""h"": ""38.97,1.34,1.61"",""l"": ""0.00,0.00,0.00"",""r"": ""0.00,0.00,0.00""}"
15,Baseline,False,167.0716,gaze_sample,"{""target"": ""P_R_H Battery (5)""}"
15,Baseline,False,167.1827,gaze_sample,"{""target"": ""P_R_H Battery (5)""}"
15,Baseline,False,167.2662,head_tracking,"{""input_type"": ""HandTracking"",""h"": ""38.94,1.34,1.61"",""l"": ""0.00,0.00,0.00"",""r"": ""0.00,0.00,0.00""}"
15,Baseline,False,167.2939,gaze_sample,"{""target"": ""P_R_H Battery (5)""}"
15,Baseline,False,167.4049,gaze_sample,"{""target"": ""P_R_H Battery (5)""}"
15,Baseline,False,167.4743,head_tracking,"{""input_type"": ""HandTracking"",""h"": ""38.89,1.34,1.61"",""l"": ""0.00,0.00,0.00"",""r"": ""0.00,0.00,0.00""}"
15,Baseline,False,167.516,gaze_sample,"{""target"": ""P_R_H Battery (5)""}"
15,Baseline,False,167.6271,gaze_sample,"{""target"": ""P_R_H Battery (5)""}"
15,Baseline,False,167.6823,head_tracking,"{""input_type"": ""HandTracking"",""h"": ""38.86,1.34,1.61"",""l"": ""0.00,0.00,0.00"",""r"": ""0.00,0.00,0.00""}"
15,Baseline,False,167.738,gaze_sample,"{""target"": ""P_R_H Battery (5)""}"
15,Baseline,False,167.849,gaze_sample,"{""target"": ""P_R_H Battery (5)""}"
15,Baseline,False,167.8908,head_tracking,"{""input_type"": ""HandTracking"",""h"": ""38.84,1.34,1.61"",""l"": ""0.00,0.00,0.00"",""r"": ""0.00,0.00,0.00""}"
15,Baseline,False,167.9602,gaze_sample,"{""target"": ""P_R_H Battery (5)""}"
15,Baseline,False,168.0717,gaze_sample,"{""target"": ""P_R_H Battery (5)""}"
15,Baseline,False,168.0997,head_tracking,"{""input_type"": ""HandTracking"",""h"": ""38.82,1.34,1.61"",""l"": ""0.00,0.00,0.00"",""r"": ""0.00,0.00,0.00""}"
15,Baseline,False,168.1824,gaze_sample,"{""target"": ""P_R_H Battery (5)""}"
15,Baseline,False,168.2938,gaze_sample,"{""target"": ""P_R_H Battery (5)""}"
15,Baseline,False,168.3074,head_tracking,"{""input_type"": ""HandTracking"",""h"": ""38.82,1.33,1.62"",""l"": ""0.00,0.00,0.00"",""r"": ""0.00,0.00,0.00""}"
15,Baseline,False,168.3769,interaction,"{""item"": ""P_R_H Battery (5)"", ""action"": ""grab""}"
15,Baseline,False,168.4045,gaze_sample,"{""target"": ""P_R_H Battery (5)""}"
15,Baseline,False,168.516,head_tracking,"{""input_type"": ""HandTracking"",""h"": ""38.83,1.34,1.61"",""l"": ""0.00,0.00,0.00"",""r"": ""0.00,0.00,0.00""}"
15,Baseline,False,168.516,gaze_sample,"{""target"": ""P_R_H Battery (5)""}"
15,Baseline,False,168.6268,gaze_sample,"{""target"": ""P_R_H Battery (5)""}"
15,Baseline,False,168.7242,head_tracking,"{""input_type"": ""HandTracking"",""h"": ""38.84,1.34,1.61"",""l"": ""0.00,0.00,0.00"",""r"": ""0.00,0.00,0.00""}"
15,Baseline,False,168.7381,gaze_sample,"{""target"": ""P_R_H Battery (5)""}"
15,Baseline,False,168.8491,gaze_sample,"{""target"": ""P_R_H Battery (5)""}"
15,Baseline,False,168.9325,head_tracking,"{""input_type"": ""HandTracking"",""h"": ""38.84,1.34,1.60"",""l"": ""0.00,0.00,0.00"",""r"": ""0.00,0.00,0.00""}"
15,Baseline,False,168.9604,gaze_sample,"{""target"": ""P_R_H Battery (5)""}"
15,Baseline,False,169.0715,gaze_sample,"{""target"": ""P_R_H Battery (5)""}"
15,Baseline,False,169.141,head_tracking,"{""input_type"": ""HandTracking"",""h"": ""38.84,1.34,1.59"",""l"": ""0.00,0.00,0.00"",""r"": ""0.00,0.00,0.00""}"
15,Baseline,False,169.1826,gaze_sample,"{""target"": ""P_R_H Battery (5)""}"
15,Baseline,False,169.2937,gaze_sample,"{""target"": ""P_R_H Battery (5)""}"
15,Baseline,False,169.349,head_tracking,"{""input_type"": ""HandTracking"",""h"": ""38.83,1.35,1.60"",""l"": ""0.00,0.00,0.00"",""r"": ""0.00,0.00,0.00""}"
15,Baseline,False,169.4046,gaze_sample,"{""target"": ""P_R_H Battery (5)""}"
15,Baseline,False,169.5154,gaze_sample,"{""target"": ""P_R_H Battery (5)""}"
15,Baseline,False,169.557,head_tracking,"{""input_type"": ""HandTracking"",""h"": ""38.80,1.36,1.59"",""l"": ""0.00,0.00,0.00"",""r"": ""0.00,0.00,0.00""}"
15,Baseline,False,169.6265,gaze_sample,"{""target"": ""P_R_H Battery (5)""}"
15,Baseline,False,169.7379,gaze_sample,"{""target"": ""P_R_H Battery (5)""}"
15,Baseline,False,169.7652,head_tracking,"{""input_type"": ""HandTracking"",""h"": ""38.78,1.36,1.56"",""l"": ""0.00,0.00,0.00"",""r"": ""0.00,0.00,0.00""}"
15,Baseline,False,169.8483,gaze_sample,"{""target"": ""P_R_H Battery (5)""}"
15,Baseline,False,169.9592,gaze_sample,"{""target"": ""P_R_H Battery (5)""}"
15,Baseline,False,169.973,head_tracking,"{""input_type"": ""HandTracking"",""h"": ""38.80,1.34,1.52"",""l"": ""0.00,0.00,0.00"",""r"": ""0.00,0.00,0.00""}"
15,Baseline,False,170.0704,gaze_sample,"{""target"": ""P_R_H Battery (5)""}"
15,Baseline,False,170.1815,head_tracking,"{""input_type"": ""HandTracking"",""h"": ""38.85,1.34,1.52"",""l"": ""0.00,0.00,0.00"",""r"": ""0.00,0.00,0.00""}"
15,Baseline,False,170.1815,gaze_sample,"{""target"": ""P_R_H Battery (5)""}"
15,Baseline,False,170.2924,gaze_sample,"{""target"": ""P_R_H Battery (5)""}"
15,Baseline,False,170.3901,head_tracking,"{""input_type"": ""HandTracking"",""h"": ""38.89,1.34,1.54"",""l"": ""0.00,0.00,0.00"",""r"": ""0.00,0.00,0.00""}"
15,Baseline,False,170.4039,gaze_sample,"{""target"": ""P_R_H Battery (5)""}"
15,Baseline,False,170.5147,gaze_sample,"{""target"": ""gate-lasers (1)""}"
15,Baseline,False,170.5981,head_tracking,"{""input_type"": ""HandTracking"",""h"": ""38.94,1.33,1.56"",""l"": ""0.00,0.00,0.00"",""r"": ""0.00,0.00,0.00""}"
15,Baseline,False,170.6258,gaze_sample,"{""target"": ""gate-lasers (1)""}"
15,Baseline,False,170.7366,gaze_sample,"{""target"": ""gate-lasers (1)""}"
15,Baseline,False,170.8062,head_tracking,"{""input_type"": ""HandTracking"",""h"": ""39.00,1.32,1.59"",""l"": ""0.00,0.00,0.00"",""r"": ""0.00,0.00,0.00""}"
15,Baseline,False,170.8479,gaze_sample,"{""target"": ""gate-lasers (1)""}"
15,Baseline,False,170.959,gaze_sample,"{""target"": ""gate-lasers (1)""}"
15,Baseline,False,171.0146,head_tracking,"{""input_type"": ""HandTracking"",""h"": ""39.06,1.30,1.60"",""l"": ""0.00,0.00,0.00"",""r"": ""0.00,0.00,0.00""}"
15,Baseline,False,171.0704,gaze_sample,"{""target"": ""gate-lasers (1)""}"
15,Baseline,False,171.1812,gaze_sample,"{""target"": ""gate-lasers (1)""}"
15,Baseline,False,171.2228,head_tracking,"{""input_type"": ""HandTracking"",""h"": ""39.10,1.29,1.61"",""l"": ""0.00,0.00,0.00"",""r"": ""0.00,0.00,0.00""}"
15,Baseline,False,171.2922,gaze_sample,"{""target"": ""gate-lasers (1)""}"
15,Baseline,False,171.4034,gaze_sample,"{""target"": ""gate-lasers (1)""}"
15,Baseline,False,171.4313,head_tracking,"{""input_type"": ""HandTracking"",""h"": ""39.11,1.28,1.61"",""l"": ""0.00,0.00,0.00"",""r"": ""0.00,0.00,0.00""}"
15,Baseline,False,171.5148,gaze_sample,"{""target"": ""gate-lasers (1)""}"
15,Baseline,False,171.6257,gaze_sample,"{""target"": ""gate-lasers (1)""}"
15,Baseline,False,171.6396,head_tracking,"{""input_type"": ""HandTracking"",""h"": ""39.10,1.28,1.61"",""l"": ""0.00,0.00,0.00"",""r"": ""0.00,0.00,0.00""}"
15,Baseline,False,171.7367,gaze_sample,"{""target"": ""gate-lasers (1)""}"
15,Baseline,False,171.8479,head_tracking,"{""input_type"": ""HandTracking"",""h"": ""39.07,1.29,1.62"",""l"": ""0.00,0.00,0.00"",""r"": ""0.00,0.00,0.00""}"
15,Baseline,False,171.8479,gaze_sample,"{""target"": ""gate-lasers (1)""}"
15,Baseline,False,171.9589,gaze_sample,"{""target"": ""gate-lasers (1)""}"
15,Baseline,False,172.0564,head_tracking,"{""input_type"": ""HandTracking"",""h"": ""39.04,1.30,1.63"",""l"": ""0.00,0.00,0.00"",""r"": ""0.00,0.00,0.00""}"
15,Baseline,False,172.0702,gaze_sample,"{""target"": ""gate-lasers (1)""}"
15,Baseline,False,172.1812,gaze_sample,"{""target"": ""gate-lasers (1)""}"
15,Baseline,False,172.2643,head_tracking,"{""input_type"": ""HandTracking"",""h"": ""39.01,1.31,1.65"",""l"": ""0.00,0.00,0.00"",""r"": ""0.00,0.00,0.00""}"
15,Baseline,False,172.2921,gaze_sample,"{""target"": ""gate-lasers (1)""}"
15,Baseline,False,172.4033,gaze_sample,"{""target"": ""gate-lasers (1)""}"
15,Baseline,False,172.4729,head_tracking,"{""input_type"": ""HandTracking"",""h"": ""38.99,1.32,1.67"",""l"": ""0.00,0.00,0.00"",""r"": ""0.00,0.00,0.00""}"
15,Baseline,False,172.5145,gaze_sample,"{""target"": ""gate-lasers (1)""}"
15,Baseline,False,172.6256,gaze_sample,"{""target"": ""gate-lasers (1)""}"
15,Baseline,False,172.6811,head_tracking,"{""input_type"": ""HandTracking"",""h"": ""38.96,1.32,1.70"",""l"": ""0.00,0.00,0.00"",""r"": ""0.00,0.00,0.00""}"
15,Baseline,False,172.7367,gaze_sample,"{""target"": ""gate-lasers (1)""}"
15,Baseline,False,172.8482,gaze_sample,"{""target"": ""gate-lasers (1)""}"
15,Baseline,False,172.8896,head_tracking,"{""input_type"": ""HandTracking"",""h"": ""38.94,1.32,1.72"",""l"": ""0.00,0.00,0.00"",""r"": ""0.00,0.00,0.00""}"
15,Baseline,False,172.959,gaze_sample,"{""target"": ""gate-lasers (1)""}"
15,Baseline,False,173.07,gaze_sample,"{""target"": ""gate-lasers (1)""}"
15,Baseline,False,173.0978,head_tracking,"{""input_type"": ""HandTracking"",""h"": ""38.93,1.33,1.75"",""l"": ""0.00,0.00,0.00"",""r"": ""0.00,0.00,0.00""}"
15,Baseline,False,173.1812,gaze_sample,"{""target"": ""gate-lasers (1)""}"
15,Baseline,False,173.2924,gaze_sample,"{""target"": ""gate-lasers (1)""}"
15,Baseline,False,173.3064,head_tracking,"{""input_type"": ""HandTracking"",""h"": ""38.91,1.33,1.78"",""l"": ""0.00,0.00,0.00"",""r"": ""0.00,0.00,0.00""}"
15,Baseline,False,173.4038,gaze_sample,"{""target"": ""gate-lasers (1)""}"
15,Baseline,False,173.5139,head_tracking,"{""input_type"": ""HandTracking"",""h"": ""38.89,1.33,1.80"",""l"": ""0.00,0.00,0.00"",""r"": ""0.00,0.00,0.00""}"
15,Baseline,False,173.5139,gaze_sample,"{""target"": ""gate-lasers (1)""}"
15,Baseline,False,173.6253,gaze_sample,"{""target"": ""gate-lasers (1)""}"
15,Baseline,False,173.7225,head_tracking,"{""input_type"": ""HandTracking"",""h"": ""38.87,1.33,1.81"",""l"": ""0.00,0.00,0.00"",""r"": ""0.00,0.00,0.00""}"
15,Baseline,False,173.7365,gaze_sample,"{""target"": ""gate-lasers (1)""}"
15,Baseline,False,173.8477,gaze_sample,"{""target"": ""gate-lasers (1)""}"
15,Baseline,False,173.9312,head_tracking,"{""input_type"": ""HandTracking"",""h"": ""38.86,1.33,1.81"",""l"": ""0.00,0.00,0.00"",""r"": ""0.00,0.00,0.00""}"
15,Baseline,False,173.9588,gaze_sample,"{""target"": ""gate-lasers (1)""}"
15,Baseline,False,174.0699,gaze_sample,"{""target"": ""room-large-variation""}"
15,Baseline,False,174.1396,head_tracking,"{""input_type"": ""HandTracking"",""h"": ""38.85,1.33,1.79"",""l"": ""0.00,0.00,0.00"",""r"": ""0.00,0.00,0.00""}"
15,Baseline,False,174.1811,gaze_sample,"{""target"": ""gate-lasers (1)""}"
15,Baseline,False,174.2923,gaze_sample,"{""target"": ""gate-lasers (1)""}"
15,Baseline,False,174.3477,head_tracking,"{""input_type"": ""HandTracking"",""h"": ""38.85,1.34,1.78"",""l"": ""0.00,0.00,0.00"",""r"": ""0.00,0.00,0.00""}"
15,Baseline,False,174.4033,gaze_sample,"{""target"": ""gate-lasers (1)""}"
15,Baseline,False,174.5145,gaze_sample,"{""target"": ""room-large-variation""}"
15,Baseline,False,174.5562,head_tracking,"{""input_type"": ""HandTracking"",""h"": ""38.86,1.34,1.76"",""l"": ""0.00,0.00,0.00"",""r"": ""0.00,0.00,0.00""}"
15,Baseline,False,174.6257,gaze_sample,"{""target"": ""room-large-variation""}"
15,Baseline,False,174.7367,gaze_sample,"{""target"": ""P_R_H Battery (5)""}"
15,Baseline,False,174.7644,head_tracking,"{""input_type"": ""HandTracking"",""h"": ""38.86,1.33,1.75"",""l"": ""0.00,0.00,0.00"",""r"": ""0.00,0.00,0.00""}"
15,Baseline,False,174.8478,gaze_sample,"{""target"": ""P_R_H Battery (5)""}"
15,Baseline,False,174.959,gaze_sample,"{""target"": ""P_R_H Battery (5)""}"
15,Baseline,False,174.973,head_tracking,"{""input_type"": ""HandTracking"",""h"": ""38.86,1.33,1.74"",""l"": ""0.00,0.00,0.00"",""r"": ""0.00,0.00,0.00""}"
15,Baseline,False,175.0703,gaze_sample,"{""target"": ""P_R_H Battery (5)""}"
15,Baseline,False,175.1814,head_tracking,"{""input_type"": ""HandTracking"",""h"": ""38.86,1.34,1.74"",""l"": ""0.00,0.00,0.00"",""r"": ""0.00,0.00,0.00""}"
15,Baseline,False,175.1814,gaze_sample,"{""target"": ""P_R_H Battery (5)""}"
15,Baseline,False,175.2923,gaze_sample,"{""target"": ""P_R_H Battery (5)""}"
15,Baseline,False,175.3894,head_tracking,"{""input_type"": ""HandTracking"",""h"": ""38.86,1.34,1.74"",""l"": ""0.00,0.00,0.00"",""r"": ""0.00,0.00,0.00""}"
15,Baseline,False,175.4035,gaze_sample,"{""target"": ""P_R_H Battery (5)""}"
15,Baseline,False,175.5141,gaze_sample,"{""target"": ""P_R_H Battery (5)""}"
15,Baseline,False,175.5978,head_tracking,"{""input_type"": ""HandTracking"",""h"": ""38.86,1.34,1.73"",""l"": ""0.00,0.00,0.00"",""r"": ""0.00,0.00,0.00""}"
15,Baseline,False,175.6251,gaze_sample,"{""target"": ""Sci-fi platform-fbx (1)""}"
15,Baseline,False,175.7365,gaze_sample,"{""target"": ""Sci-fi platform-fbx (1)""}"
15,Baseline,False,175.8059,head_tracking,"{""input_type"": ""HandTracking"",""h"": ""38.86,1.33,1.74"",""l"": ""0.00,0.00,0.00"",""r"": ""0.00,0.00,0.00""}"
15,Baseline,False,175.8476,gaze_sample,"{""target"": ""Sci-fi platform-fbx (1)""}"
15,Baseline,False,175.9586,gaze_sample,"{""target"": ""Sci-fi platform-fbx (1)""}"
15,Baseline,False,176.0142,head_tracking,"{""input_type"": ""HandTracking"",""h"": ""38.86,1.33,1.73"",""l"": ""0.00,0.00,0.00"",""r"": ""0.00,0.00,0.00""}"
15,Baseline,False,176.0711,gaze_sample,"{""target"": ""Sci-fi platform-fbx (1)""}"
15,Baseline,False,176.1809,gaze_sample,"{""target"": ""Sci-fi platform-fbx (1)""}"
15,Baseline,False,176.2227,head_tracking,"{""input_type"": ""HandTracking"",""h"": ""38.86,1.33,1.72"",""l"": ""0.00,0.00,0.00"",""r"": ""0.00,0.00,0.00""}"
15,Baseline,False,176.2921,gaze_sample,"{""target"": ""Sci-fi platform-fbx (1)""}"
15,Baseline,False,176.4035,gaze_sample,"{""target"": ""Sci-fi platform-fbx (1)""}"
15,Baseline,False,176.431,head_tracking,"{""input_type"": ""HandTracking"",""h"": ""38.87,1.33,1.71"",""l"": ""0.00,0.00,0.00"",""r"": ""0.00,0.00,0.00""}"
15,Baseline,False,176.5144,gaze_sample,"{""target"": ""Sci-fi platform-fbx (1)""}"
15,Baseline,False,176.626,gaze_sample,"{""target"": ""Sci-fi platform-fbx (1)""}"
15,Baseline,False,176.6396,head_tracking,"{""input_type"": ""HandTracking"",""h"": ""38.87,1.34,1.71"",""l"": ""0.00,0.00,0.00"",""r"": ""0.00,0.00,0.00""}"
15,Baseline,False,176.7366,gaze_sample,"{""target"": ""Sci-fi platform-fbx (1)""}"
15,Baseline,False,176.8476,head_tracking,"{""input_type"": ""HandTracking"",""h"": ""38.88,1.34,1.71"",""l"": ""0.00,0.00,0.00"",""r"": ""0.00,0.00,0.00""}"
15,Baseline,False,176.8476,gaze_sample,"{""target"": ""Sci-fi platform-fbx (1)""}"
15,Baseline,False,176.959,gaze_sample,"{""target"": ""Sci-fi platform-fbx (1)""}"
15,Baseline,False,177.056,head_tracking,"{""input_type"": ""HandTracking"",""h"": ""38.87,1.33,1.72"",""l"": ""0.00,0.00,0.00"",""r"": ""0.00,0.00,0.00""}"
15,Baseline,False,177.07,gaze_sample,"{""target"": ""Sci-fi platform-fbx (1)""}"
15,Baseline,False,177.181,gaze_sample,"{""target"": ""Sci-fi platform-fbx (1)""}"
15,Baseline,False,177.2647,head_tracking,"{""input_type"": ""HandTracking"",""h"": ""38.87,1.33,1.72"",""l"": ""0.00,0.00,0.00"",""r"": ""0.00,0.00,0.00""}"
15,Baseline,False,177.2922,gaze_sample,"{""target"": ""Sci-fi platform-fbx (1)""}"
15,Baseline,False,177.4032,gaze_sample,"{""target"": ""Sci-fi platform-fbx (1)""}"
15,Baseline,False,177.4729,head_tracking,"{""input_type"": ""HandTracking"",""h"": ""38.87,1.33,1.73"",""l"": ""0.00,0.00,0.00"",""r"": ""0.00,0.00,0.00""}"
15,Baseline,False,177.5144,gaze_sample,"{""target"": ""Sci-fi platform-fbx (1)""}"
15,Baseline,False,177.6256,gaze_sample,"{""target"": ""Sci-fi platform-fbx (1)""}"
15,Baseline,False,177.6811,head_tracking,"{""input_type"": ""HandTracking"",""h"": ""38.87,1.33,1.73"",""l"": ""0.00,0.00,0.00"",""r"": ""0.00,0.00,0.00""}"
15,Baseline,False,177.7365,gaze_sample,"{""target"": ""Sci-fi platform-fbx (1)""}"
15,Baseline,False,177.8475,gaze_sample,"{""target"": ""Sci-fi platform-fbx (1)""}"
15,Baseline,False,177.8893,head_tracking,"{""input_type"": ""HandTracking"",""h"": ""38.87,1.32,1.72"",""l"": ""0.00,0.00,0.00"",""r"": ""0.00,0.00,0.00""}"
15,Baseline,False,177.9587,gaze_sample,"{""target"": ""Sci-fi platform-fbx (1)""}"
15,Baseline,False,178.0699,gaze_sample,"{""target"": ""Sci-fi platform-fbx (1)""}"
15,Baseline,False,178.0977,head_tracking,"{""input_type"": ""HandTracking"",""h"": ""38.87,1.32,1.72"",""l"": ""0.00,0.00,0.00"",""r"": ""0.00,0.00,0.00""}"
15,Baseline,False,178.181,gaze_sample,"{""target"": ""Sci-fi platform-fbx (1)""}"
15,Baseline,False,178.2933,gaze_sample,"{""target"": ""Sci-fi platform-fbx (1)""}"
15,Baseline,False,178.3058,head_tracking,"{""input_type"": ""HandTracking"",""h"": ""38.87,1.32,1.72"",""l"": ""0.00,0.00,0.00"",""r"": ""0.00,0.00,0.00""}"
15,Baseline,False,178.4033,gaze_sample,"{""target"": ""Sci-fi platform-fbx (1)""}"
15,Baseline,False,178.514,head_tracking,"{""input_type"": ""HandTracking"",""h"": ""38.89,1.31,1.72"",""l"": ""0.00,0.00,0.00"",""r"": ""0.00,0.00,0.00""}"
15,Baseline,False,178.514,gaze_sample,"{""target"": ""Sci-fi platform-fbx (1)""}"
15,Baseline,False,178.625,gaze_sample,"{""target"": ""Sci-fi platform-fbx (1)""}"
15,Baseline,False,178.7222,head_tracking,"{""input_type"": ""HandTracking"",""h"": ""38.89,1.31,1.72"",""l"": ""0.00,0.00,0.00"",""r"": ""0.00,0.00,0.00""}"
15,Baseline,False,178.7363,gaze_sample,"{""target"": ""room-large-variation""}"
15,Baseline,False,178.8472,gaze_sample,"{""target"": ""room-large-variation""}"
15,Baseline,False,178.9306,head_tracking,"{""input_type"": ""HandTracking"",""h"": ""38.89,1.31,1.71"",""l"": ""0.00,0.00,0.00"",""r"": ""0.00,0.00,0.00""}"
15,Baseline,False,178.9582,gaze_sample,"{""target"": ""room-large-variation""}"
15,Baseline,False,179.0693,gaze_sample,"{""target"": ""room-large-variation""}"
15,Baseline,False,179.1389,head_tracking,"{""input_type"": ""HandTracking"",""h"": ""38.88,1.31,1.71"",""l"": ""0.00,0.00,0.00"",""r"": ""0.00,0.00,0.00""}"
15,Baseline,False,179.1803,gaze_sample,"{""target"": ""room-large-variation""}"
15,Baseline,False,179.2914,gaze_sample,"{""target"": ""Cube""}"
15,Baseline,False,179.3471,head_tracking,"{""input_type"": ""HandTracking"",""h"": ""38.88,1.30,1.71"",""l"": ""0.00,0.00,0.00"",""r"": ""0.00,0.00,0.00""}"
15,Baseline,False,179.4027,gaze_sample,"{""target"": ""Cube""}"
15,Baseline,False,179.514,gaze_sample,"{""target"": ""Cube""}"
15,Baseline,False,179.5556,head_tracking,"{""input_type"": ""HandTracking"",""h"": ""38.88,1.30,1.71"",""l"": ""0.00,0.00,0.00"",""r"": ""0.00,0.00,0.00""}"
15,Baseline,False,179.6249,gaze_sample,"{""target"": ""Cube""}"
15,Baseline,False,179.7361,gaze_sample,"{""target"": ""Cube""}"
15,Baseline,False,179.7636,head_tracking,"{""input_type"": ""HandTracking"",""h"": ""38.88,1.30,1.72"",""l"": ""0.00,0.00,0.00"",""r"": ""0.00,0.00,0.00""}"
15,Baseline,False,179.847,gaze_sample,"{""target"": ""Cube""}"
15,Baseline,False,179.9582,gaze_sample,"{""target"": ""Cube""}"
15,Baseline,False,179.972,head_tracking,"{""input_type"": ""HandTracking"",""h"": ""38.88,1.30,1.72"",""l"": ""0.00,0.00,0.00"",""r"": ""0.00,0.00,0.00""}"
15,Baseline,False,180.0693,gaze_sample,"{""target"": ""room-large-variation""}"
15,Baseline,False,180.1801,head_tracking,"{""input_type"": ""HandTracking"",""h"": ""38.88,1.30,1.72"",""l"": ""0.00,0.00,0.00"",""r"": ""0.00,0.00,0.00""}"
15,Baseline,False,180.1801,gaze_sample,"{""target"": ""room-large-variation""}"
15,Baseline,False,180.2932,gaze_sample,"{""target"": ""room-large-variation""}"
15,Baseline,False,180.3886,head_tracking,"{""input_type"": ""HandTracking"",""h"": ""38.88,1.30,1.72"",""l"": ""0.00,0.00,0.00"",""r"": ""0.00,0.00,0.00""}"
15,Baseline,False,180.4025,gaze_sample,"{""target"": ""Cube""}"
15,Baseline,False,180.5138,gaze_sample,"{""target"": ""Sci-fi platform-fbx (1)""}"
15,Baseline,False,180.5974,head_tracking,"{""input_type"": ""HandTracking"",""h"": ""36.78,1.30,4.15"",""l"": ""0.00,0.00,0.00"",""r"": ""0.00,0.00,0.00""}"
15,Baseline,False,180.6253,gaze_sample,"{""target"": ""Sci-fi platform-fbx (1)""}"
15,Baseline,False,180.7363,gaze_sample,"{""target"": ""Sci-fi platform-fbx (1)""}"
15,Baseline,False,180.8063,head_tracking,"{""input_type"": ""HandTracking"",""h"": ""36.78,1.30,4.15"",""l"": ""0.00,0.00,0.00"",""r"": ""0.00,0.00,0.00""}"
15,Baseline,False,180.8474,gaze_sample,"{""target"": ""Sci-fi platform-fbx (1)""}"
15,Baseline,False,180.9587,gaze_sample,"{""target"": ""Sci-fi platform-fbx (1)""}"
15,Baseline,False,181.0142,head_tracking,"{""input_type"": ""HandTracking"",""h"": ""36.79,1.31,4.15"",""l"": ""0.00,0.00,0.00"",""r"": ""0.00,0.00,0.00""}"
15,Baseline,False,181.0697,gaze_sample,"{""target"": ""Sci-fi platform-fbx (1)""}"
15,Baseline,False,181.1808,gaze_sample,"{""target"": ""room-large-variation""}"
15,Baseline,False,181.2234,head_tracking,"{""input_type"": ""HandTracking"",""h"": ""36.81,1.30,8.66"",""l"": ""0.00,0.00,0.00"",""r"": ""0.00,0.00,0.00""}"
15,Baseline,False,181.2918,gaze_sample,"{""target"": ""room-large-variation""}"
15,Baseline,False,181.4031,gaze_sample,"{""target"": ""room-large-variation""}"
15,Baseline,False,181.4308,head_tracking,"{""input_type"": ""HandTracking"",""h"": ""36.81,1.30,8.65"",""l"": ""0.00,0.00,0.00"",""r"": ""0.00,0.00,0.00""}"
15,Baseline,False,181.5134,gaze_sample,"{""target"": ""room-large-variation""}"
15,Baseline,False,181.6236,gaze_sample,"{""target"": ""room-large-variation""}"
15,Baseline,False,181.6374,head_tracking,"{""input_type"": ""HandTracking"",""h"": ""36.80,1.30,8.66"",""l"": ""0.00,0.00,0.00"",""r"": ""0.00,0.00,0.00""}"
15,Baseline,False,181.7343,gaze_sample,"{""target"": ""Cube""}"
15,Baseline,False,181.8456,head_tracking,"{""input_type"": ""HandTracking"",""h"": ""36.79,1.30,8.67"",""l"": ""0.00,0.00,0.00"",""r"": ""0.00,0.00,0.00""}"
15,Baseline,False,181.8456,gaze_sample,"{""target"": ""Sci-fi platform-fbx""}"
15,Baseline,False,181.9567,gaze_sample,"{""target"": ""Sci-fi platform-fbx""}"
15,Baseline,False,182.054,head_tracking,"{""input_type"": ""HandTracking"",""h"": ""36.80,1.31,8.67"",""l"": ""0.00,0.00,0.00"",""r"": ""0.00,0.00,0.00""}"
15,Baseline,False,182.0678,gaze_sample,"{""target"": ""room-large-variation""}"
15,Baseline,False,182.1792,gaze_sample,"{""target"": ""room-large-variation""}"
15,Baseline,False,182.2628,head_tracking,"{""input_type"": ""HandTracking"",""h"": ""36.80,1.31,8.67"",""l"": ""0.00,0.00,0.00"",""r"": ""0.00,0.00,0.00""}"
15,Baseline,False,182.2905,gaze_sample,"{""target"": ""room-large-variation""}"
15,Baseline,False,182.4021,gaze_sample,"{""target"": ""room-large-variation""}"
15,Baseline,False,182.4712,head_tracking,"{""input_type"": ""HandTracking"",""h"": ""36.80,1.31,8.66"",""l"": ""0.00,0.00,0.00"",""r"": ""0.00,0.00,0.00""}"
15,Baseline,False,182.5128,gaze_sample,"{""target"": ""room-large-variation""}"
15,Baseline,False,182.6239,gaze_sample,"{""target"": ""room-large-variation""}"
15,Baseline,False,182.6796,head_tracking,"{""input_type"": ""HandTracking"",""h"": ""36.80,1.31,8.65"",""l"": ""0.00,0.00,0.00"",""r"": ""0.00,0.00,0.00""}"
15,Baseline,False,182.7352,gaze_sample,"{""target"": ""room-large-variation""}"
15,Baseline,False,182.8465,gaze_sample,"{""target"": ""room-large-variation""}"
15,Baseline,False,182.8878,head_tracking,"{""input_type"": ""HandTracking"",""h"": ""36.80,1.30,8.65"",""l"": ""0.00,0.00,0.00"",""r"": ""0.00,0.00,0.00""}"
15,Baseline,False,182.9573,gaze_sample,"{""target"": ""room-large-variation""}"
15,Baseline,False,183.0691,gaze_sample,"{""target"": ""room-large-variation""}"
15,Baseline,False,183.0963,head_tracking,"{""input_type"": ""HandTracking"",""h"": ""36.80,1.31,8.65"",""l"": ""0.00,0.00,0.00"",""r"": ""0.00,0.00,0.00""}"
15,Baseline,False,183.181,gaze_sample,"{""target"": ""room-large-variation""}"
15,Baseline,False,183.2902,gaze_sample,"{""target"": ""Sci-fi platform-fbx""}"
15,Baseline,False,183.3043,head_tracking,"{""input_type"": ""HandTracking"",""h"": ""37.53,1.31,2.89"",""l"": ""0.00,0.00,0.00"",""r"": ""0.00,0.00,0.00""}"
15,Baseline,False,183.4019,gaze_sample,"{""target"": ""Sci-fi platform-fbx""}"
15,Baseline,False,183.5131,head_tracking,"{""input_type"": ""HandTracking"",""h"": ""37.53,1.31,2.89"",""l"": ""0.00,0.00,0.00"",""r"": ""0.00,0.00,0.00""}"
15,Baseline,False,183.5131,gaze_sample,"{""target"": ""Sci-fi platform-fbx""}"
15,Baseline,False,183.6266,gaze_sample,"{""target"": ""Sci-fi platform-fbx""}"
15,Baseline,False,183.7213,head_tracking,"{""input_type"": ""HandTracking"",""h"": ""37.53,1.31,2.89"",""l"": ""0.00,0.00,0.00"",""r"": ""0.00,0.00,0.00""}"
15,Baseline,False,183.7357,gaze_sample,"{""target"": ""room-large-variation""}"
15,Baseline,False,183.8462,gaze_sample,"{""target"": ""room-large-variation""}"
15,Baseline,False,183.9297,head_tracking,"{""input_type"": ""HandTracking"",""h"": ""37.52,1.31,2.90"",""l"": ""0.00,0.00,0.00"",""r"": ""0.00,0.00,0.00""}"
15,Baseline,False,183.9573,gaze_sample,"{""target"": ""room-large-variation""}"
15,Baseline,False,184.0695,gaze_sample,"{""target"": ""Cube""}"
15,Baseline,False,184.1382,head_tracking,"{""input_type"": ""HandTracking"",""h"": ""37.51,1.30,2.92"",""l"": ""0.00,0.00,0.00"",""r"": ""0.00,0.00,0.00""}"
15,Baseline,False,184.1795,gaze_sample,"{""target"": ""Cube""}"
15,Baseline,False,184.2911,gaze_sample,"{""target"": ""Cube""}"
15,Baseline,False,184.3461,head_tracking,"{""input_type"": ""HandTracking"",""h"": ""37.50,1.30,2.94"",""l"": ""0.00,0.00,0.00"",""r"": ""0.00,0.00,0.00""}"
15,Baseline,False,184.4018,gaze_sample,"{""target"": ""Cube""}"
15,Baseline,False,184.513,gaze_sample,"{""target"": ""Cube""}"
15,Baseline,False,184.5541,head_tracking,"{""input_type"": ""HandTracking"",""h"": ""37.50,1.30,2.96"",""l"": ""0.00,0.00,0.00"",""r"": ""0.00,0.00,0.00""}"
15,Baseline,False,184.6237,gaze_sample,"{""target"": ""room-large-variation""}"
15,Baseline,False,184.7355,gaze_sample,"{""target"": ""room-large-variation""}"
15,Baseline,False,184.763,head_tracking,"{""input_type"": ""HandTracking"",""h"": ""37.50,1.30,2.97"",""l"": ""0.00,0.00,0.00"",""r"": ""0.00,0.00,0.00""}"
15,Baseline,False,184.8458,gaze_sample,"{""target"": ""room-large-variation""}"
15,Baseline,False,184.9577,gaze_sample,"{""target"": ""room-large-variation""}"
15,Baseline,False,184.9711,head_tracking,"{""input_type"": ""HandTracking"",""h"": ""37.50,1.29,2.98"",""l"": ""0.00,0.00,0.00"",""r"": ""0.00,0.00,0.00""}"
15,Baseline,False,185.0681,gaze_sample,"{""target"": ""Cube""}"
15,Baseline,False,185.1795,head_tracking,"{""input_type"": ""HandTracking"",""h"": ""37.50,1.29,2.99"",""l"": ""0.00,0.00,0.00"",""r"": ""0.00,0.00,0.00""}"
15,Baseline,False,185.1795,gaze_sample,"{""target"": ""Cube""}"
15,Baseline,False,185.291,gaze_sample,"{""target"": ""Cube""}"
15,Baseline,False,185.3884,head_tracking,"{""input_type"": ""HandTracking"",""h"": ""37.51,1.29,3.00"",""l"": ""0.00,0.00,0.00"",""r"": ""0.00,0.00,0.00""}"
15,Baseline,False,185.402,gaze_sample,"{""target"": ""room-large-variation""}"
15,Baseline,False,185.5134,gaze_sample,"{""target"": ""Sci-fi platform-fbx (2)""}"
15,Baseline,False,185.5969,head_tracking,"{""input_type"": ""HandTracking"",""h"": ""37.53,1.29,3.02"",""l"": ""0.00,0.00,0.00"",""r"": ""0.00,0.00,0.00""}"
15,Baseline,False,185.6244,gaze_sample,"{""target"": ""Sci-fi platform-fbx (1)""}"
15,Baseline,False,185.7359,gaze_sample,"{""target"": ""Sci-fi platform-fbx (1)""}"
15,Baseline,False,185.8054,head_tracking,"{""input_type"": ""HandTracking"",""h"": ""37.55,1.29,3.02"",""l"": ""0.00,0.00,0.00"",""r"": ""0.00,0.00,0.00""}"
15,Baseline,False,185.8467,gaze_sample,"{""target"": ""Sci-fi platform-fbx (1)""}"
15,Baseline,False,185.9576,gaze_sample,"{""target"": ""Sci-fi platform-fbx (1)""}"
15,Baseline,False,186.0132,head_tracking,"{""input_type"": ""HandTracking"",""h"": ""37.54,1.29,3.01"",""l"": ""0.00,0.00,0.00"",""r"": ""0.00,0.00,0.00""}"
15,Baseline,False,186.0688,gaze_sample,"{""target"": ""Sci-fi platform-fbx (1)""}"
15,Baseline,False,186.1802,gaze_sample,"{""target"": ""Sci-fi platform-fbx (1)""}"
15,Baseline,False,186.2217,head_tracking,"{""input_type"": ""HandTracking"",""h"": ""37.53,1.29,2.99"",""l"": ""0.00,0.00,0.00"",""r"": ""0.00,0.00,0.00""}"
15,Baseline,False,186.2912,gaze_sample,"{""target"": ""Sci-fi platform-fbx (1)""}"
15,Baseline,False,186.4024,gaze_sample,"{""target"": ""Sci-fi platform-fbx (1)""}"
15,Baseline,False,186.43,head_tracking,"{""input_type"": ""HandTracking"",""h"": ""37.52,1.29,2.98"",""l"": ""0.00,0.00,0.00"",""r"": ""0.00,0.00,0.00""}"
15,Baseline,False,186.4994,interaction,"{""item"": ""P_R_H Battery (5)"", ""action"": ""grab""}"
15,Baseline,False,186.5133,gaze_sample,"{""target"": ""Sci-fi platform-fbx (1)""}"
15,Baseline,False,186.6245,gaze_sample,"{""target"": ""P_R_H Battery (5)""}"
15,Baseline,False,186.6384,head_tracking,"{""input_type"": ""HandTracking"",""h"": ""37.52,1.29,2.98"",""l"": ""0.00,0.00,0.00"",""r"": ""0.00,0.00,0.00""}"
15,Baseline,False,186.7356,gaze_sample,"{""target"": ""P_R_H Battery (5)""}"
15,Baseline,False,186.8472,head_tracking,"{""input_type"": ""HandTracking"",""h"": ""37.52,1.29,2.97"",""l"": ""0.00,0.00,0.00"",""r"": ""0.00,0.00,0.00""}"
15,Baseline,False,186.8472,gaze_sample,"{""target"": ""P_R_H Battery (5)""}"
15,Baseline,False,186.958,gaze_sample,"{""target"": ""P_R_H Battery (5)""}"
15,Baseline,False,187.055,head_tracking,"{""input_type"": ""HandTracking"",""h"": ""37.52,1.30,2.96"",""l"": ""0.00,0.00,0.00"",""r"": ""0.00,0.00,0.00""}"
15,Baseline,False,187.0691,gaze_sample,"{""target"": ""Sci-fi platform-fbx (1)""}"
15,Baseline,False,187.1808,gaze_sample,"{""target"": ""P_R_H Battery (5)""}"
15,Baseline,False,187.2638,head_tracking,"{""input_type"": ""HandTracking"",""h"": ""37.52,1.30,2.95"",""l"": ""0.00,0.00,0.00"",""r"": ""0.00,0.00,0.00""}"
15,Baseline,False,187.2911,gaze_sample,"{""target"": ""Sci-fi platform-fbx (1)""}"
15,Baseline,False,187.4025,gaze_sample,"{""target"": ""Sci-fi platform-fbx (1)""}"
15,Baseline,False,187.4718,head_tracking,"{""input_type"": ""HandTracking"",""h"": ""37.51,1.31,2.94"",""l"": ""0.00,0.00,0.00"",""r"": ""0.00,0.00,0.00""}"
15,Baseline,False,187.5134,gaze_sample,"{""target"": ""room-large-variation""}"
15,Baseline,False,187.6248,gaze_sample,"{""target"": ""Cube""}"
15,Baseline,False,187.6801,head_tracking,"{""input_type"": ""HandTracking"",""h"": ""37.50,1.30,2.94"",""l"": ""0.00,0.00,0.00"",""r"": ""0.00,0.00,0.00""}"
15,Baseline,False,187.736,gaze_sample,"{""target"": ""Cube""}"
15,Baseline,False,187.8466,gaze_sample,"{""target"": ""Cube""}"
15,Baseline,False,187.8883,head_tracking,"{""input_type"": ""HandTracking"",""h"": ""37.49,1.29,2.95"",""l"": ""0.00,0.00,0.00"",""r"": ""0.00,0.00,0.00""}"
15,Baseline,False,187.958,gaze_sample,"{""target"": ""Cube""}"
15,Baseline,False,188.0689,gaze_sample,"{""target"": ""Cube""}"
15,Baseline,False,188.0978,head_tracking,"{""input_type"": ""HandTracking"",""h"": ""37.49,1.30,2.94"",""l"": ""0.00,0.00,0.00"",""r"": ""0.00,0.00,0.00""}"
15,Baseline,False,188.1802,gaze_sample,"{""target"": ""Cube""}"
15,Baseline,False,188.2913,gaze_sample,"{""target"": ""Cube""}"
15,Baseline,False,188.3051,head_tracking,"{""input_type"": ""HandTracking"",""h"": ""37.48,1.30,2.94"",""l"": ""0.00,0.00,0.00"",""r"": ""0.00,0.00,0.00""}"
15,Baseline,False,188.4024,gaze_sample,"{""target"": ""Cube""}"
15,Baseline,False,188.4163,interaction,"{""item"": ""P_R_H Battery (5)"", ""action"": ""grab""}"
15,Baseline,False,188.5136,head_tracking,"{""input_type"": ""HandTracking"",""h"": ""37.48,1.29,2.94"",""l"": ""0.00,0.00,0.00"",""r"": ""0.00,0.00,0.00""}"
15,Baseline,False,188.5136,gaze_sample,"{""target"": ""Cube""}"
15,Baseline,False,188.6248,gaze_sample,"{""target"": ""Cube""}"
15,Baseline,False,188.722,head_tracking,"{""input_type"": ""HandTracking"",""h"": ""37.47,1.29,2.94"",""l"": ""0.00,0.00,0.00"",""r"": ""0.00,0.00,0.00""}"
15,Baseline,False,188.7357,gaze_sample,"{""target"": ""Cube""}"
15,Baseline,False,188.8467,gaze_sample,"{""target"": ""Cube""}"
15,Baseline,False,188.9301,head_tracking,"{""input_type"": ""HandTracking"",""h"": ""37.48,1.30,2.95"",""l"": ""0.00,0.00,0.00"",""r"": ""0.00,0.00,0.00""}"
15,Baseline,False,188.9577,gaze_sample,"{""target"": ""room-large-variation""}"
15,Baseline,False,189.0692,gaze_sample,"{""target"": ""P_R_H Battery (5)""}"
15,Baseline,False,189.1385,head_tracking,"{""input_type"": ""HandTracking"",""h"": ""37.50,1.31,2.95"",""l"": ""0.00,0.00,0.00"",""r"": ""0.00,0.00,0.00""}"
15,Baseline,False,189.1805,gaze_sample,"{""target"": ""P_R_H Battery (5)""}"
15,Baseline,False,189.2915,gaze_sample,"{""target"": ""P_R_H Battery (5)""}"
15,Baseline,False,189.3469,head_tracking,"{""input_type"": ""HandTracking"",""h"": ""37.52,1.33,2.97"",""l"": ""0.00,0.00,0.00"",""r"": ""0.00,0.00,0.00""}"
15,Baseline,False,189.4026,gaze_sample,"{""target"": ""P_R_H Battery (5)""}"
15,Baseline,False,189.5137,gaze_sample,"{""target"": ""P_R_H Battery (5)""}"
15,Baseline,False,189.5552,head_tracking,"{""input_type"": ""HandTracking"",""h"": ""37.54,1.34,2.99"",""l"": ""0.00,0.00,0.00"",""r"": ""0.00,0.00,0.00""}"
15,Baseline,False,189.6247,gaze_sample,"{""target"": ""P_R_H Battery (5)""}"
15,Baseline,False,189.7359,gaze_sample,"{""target"": ""P_R_H Battery (5)""}"
15,Baseline,False,189.7637,head_tracking,"{""input_type"": ""HandTracking"",""h"": ""37.55,1.34,3.00"",""l"": ""0.00,0.00,0.00"",""r"": ""0.00,0.00,0.00""}"
15,Baseline,False,189.847,gaze_sample,"{""target"": ""P_R_H Battery (5)""}"
15,Baseline,False,189.9582,gaze_sample,"{""target"": ""P_R_H Battery (5)""}"
15,Baseline,False,189.973,head_tracking,"{""input_type"": ""HandTracking"",""h"": ""37.56,1.34,2.99"",""l"": ""0.00,0.00,0.00"",""r"": ""0.00,0.00,0.00""}"
15,Baseline,False,190.0692,gaze_sample,"{""target"": ""P_R_H Battery (5)""}"
15,Baseline,False,190.1805,head_tracking,"{""input_type"": ""HandTracking"",""h"": ""37.55,1.33,2.97"",""l"": ""0.00,0.00,0.00"",""r"": ""0.00,0.00,0.00""}"
15,Baseline,False,190.1805,gaze_sample,"{""target"": ""P_R_H Battery (5)""}"
15,Baseline,False,190.2925,gaze_sample,"{""target"": ""P_R_H Battery (5)""}"
15,Baseline,False,190.3885,head_tracking,"{""input_type"": ""HandTracking"",""h"": ""37.54,1.33,2.96"",""l"": ""0.00,0.00,0.00"",""r"": ""0.00,0.00,0.00""}"
15,Baseline,False,190.4024,gaze_sample,"{""target"": ""P_R_H Battery (5)""}"
15,Baseline,False,190.5135,gaze_sample,"{""target"": ""P_R_H Battery (5)""}"
15,Baseline,False,190.597,head_tracking,"{""input_type"": ""HandTracking"",""h"": ""37.54,1.33,2.96"",""l"": ""0.00,0.00,0.00"",""r"": ""0.00,0.00,0.00""}"
15,Baseline,False,190.6249,gaze_sample,"{""target"": ""Sci-fi platform-fbx (1)""}"
15,Baseline,False,190.7357,gaze_sample,"{""target"": ""Sci-fi platform-fbx (1)""}"
15,Baseline,False,190.8052,head_tracking,"{""input_type"": ""HandTracking"",""h"": ""37.54,1.33,2.96"",""l"": ""0.00,0.00,0.00"",""r"": ""0.00,0.00,0.00""}"
15,Baseline,False,190.848,gaze_sample,"{""target"": ""Sci-fi platform-fbx (1)""}"
15,Baseline,False,190.958,gaze_sample,"{""target"": ""Sci-fi platform-fbx (1)""}"
15,Baseline,False,191.0138,head_tracking,"{""input_type"": ""HandTracking"",""h"": ""37.55,1.33,2.97"",""l"": ""0.00,0.00,0.00"",""r"": ""0.00,0.00,0.00""}"
15,Baseline,False,191.0692,gaze_sample,"{""target"": ""Sci-fi platform-fbx (1)""}"
15,Baseline,False,191.1802,gaze_sample,"{""target"": ""Sci-fi platform-fbx (1)""}"
15,Baseline,False,191.2223,head_tracking,"{""input_type"": ""HandTracking"",""h"": ""37.55,1.33,2.97"",""l"": ""0.00,0.00,0.00"",""r"": ""0.00,0.00,0.00""}"
15,Baseline,False,191.2913,gaze_sample,"{""target"": ""Sci-fi platform-fbx (1)""}"
15,Baseline,False,191.4027,gaze_sample,"{""target"": ""Sci-fi platform-fbx (1)""}"
15,Baseline,False,191.4303,head_tracking,"{""input_type"": ""HandTracking"",""h"": ""37.55,1.33,2.97"",""l"": ""0.00,0.00,0.00"",""r"": ""0.00,0.00,0.00""}"
15,Baseline,False,191.5138,gaze_sample,"{""target"": ""Sci-fi platform-fbx (1)""}"
15,Baseline,False,191.6248,gaze_sample,"{""target"": ""Sci-fi platform-fbx (1)""}"
15,Baseline,False,191.6386,head_tracking,"{""input_type"": ""HandTracking"",""h"": ""37.54,1.33,2.97"",""l"": ""0.00,0.00,0.00"",""r"": ""0.00,0.00,0.00""}"
15,Baseline,False,191.7358,gaze_sample,"{""target"": ""Sci-fi platform-fbx (1)""}"
15,Baseline,False,191.847,head_tracking,"{""input_type"": ""HandTracking"",""h"": ""37.55,1.33,2.97"",""l"": ""0.00,0.00,0.00"",""r"": ""0.00,0.00,0.00""}"
15,Baseline,False,191.847,gaze_sample,"{""target"": ""Sci-fi platform-fbx (1)""}"
15,Baseline,False,191.958,gaze_sample,"{""target"": ""Sci-fi platform-fbx (1)""}"
15,Baseline,False,192.0552,head_tracking,"{""input_type"": ""HandTracking"",""h"": ""37.55,1.33,2.96"",""l"": ""0.00,0.00,0.00"",""r"": ""0.00,0.00,0.00""}"
15,Baseline,False,192.0692,gaze_sample,"{""target"": ""Sci-fi platform-fbx (1)""}"
15,Baseline,False,192.1804,gaze_sample,"{""target"": ""Sci-fi platform-fbx (1)""}"
15,Baseline,False,192.2649,head_tracking,"{""input_type"": ""HandTracking"",""h"": ""37.55,1.33,2.96"",""l"": ""0.00,0.00,0.00"",""r"": ""0.00,0.00,0.00""}"
15,Baseline,False,192.2912,gaze_sample,"{""target"": ""Sci-fi platform-fbx (1)""}"
15,Baseline,False,192.4025,gaze_sample,"{""target"": ""Sci-fi platform-fbx (1)""}"
15,Baseline,False,192.4715,head_tracking,"{""input_type"": ""HandTracking"",""h"": ""37.55,1.34,2.96"",""l"": ""0.00,0.00,0.00"",""r"": ""0.00,0.00,0.00""}"
15,Baseline,False,192.5133,gaze_sample,"{""target"": ""Sci-fi platform-fbx (1)""}"
15,Baseline,False,192.6246,gaze_sample,"{""target"": ""Sci-fi platform-fbx (1)""}"
15,Baseline,False,192.6797,head_tracking,"{""input_type"": ""HandTracking"",""h"": ""37.55,1.33,2.96"",""l"": ""0.00,0.00,0.00"",""r"": ""0.00,0.00,0.00""}"
15,Baseline,False,192.7351,gaze_sample,"{""target"": ""Sci-fi platform-fbx (1)""}"
15,Baseline,False,192.8463,gaze_sample,"{""target"": ""Sci-fi platform-fbx (1)""}"
15,Baseline,False,192.888,head_tracking,"{""input_type"": ""HandTracking"",""h"": ""37.55,1.33,2.96"",""l"": ""0.00,0.00,0.00"",""r"": ""0.00,0.00,0.00""}"
15,Baseline,False,192.9576,gaze_sample,"{""target"": ""Sci-fi platform-fbx (1)""}"
15,Baseline,False,193.0687,gaze_sample,"{""target"": ""Sci-fi platform-fbx (1)""}"
15,Baseline,False,193.0965,head_tracking,"{""input_type"": ""HandTracking"",""h"": ""37.55,1.33,2.96"",""l"": ""0.00,0.00,0.00"",""r"": ""0.00,0.00,0.00""}"
15,Baseline,False,193.1809,gaze_sample,"{""target"": ""Sci-fi platform-fbx (1)""}"
15,Baseline,False,193.2909,gaze_sample,"{""target"": ""Sci-fi platform-fbx (1)""}"
15,Baseline,False,193.3047,head_tracking,"{""input_type"": ""HandTracking"",""h"": ""37.55,1.33,2.96"",""l"": ""0.00,0.00,0.00"",""r"": ""0.00,0.00,0.00""}"
15,Baseline,False,193.4019,gaze_sample,"{""target"": ""Sci-fi platform-fbx (1)""}"
15,Baseline,False,193.5129,head_tracking,"{""input_type"": ""HandTracking"",""h"": ""37.55,1.33,2.96"",""l"": ""0.00,0.00,0.00"",""r"": ""0.00,0.00,0.00""}"
15,Baseline,False,193.5129,gaze_sample,"{""target"": ""Sci-fi platform-fbx (1)""}"
15,Baseline,False,193.6241,gaze_sample,"{""target"": ""P_R_H Battery (5)""}"
15,Baseline,False,193.7213,head_tracking,"{""input_type"": ""HandTracking"",""h"": ""37.55,1.33,2.96"",""l"": ""0.00,0.00,0.00"",""r"": ""0.00,0.00,0.00""}"
15,Baseline,False,193.7351,gaze_sample,"{""target"": ""Sci-fi platform-fbx (1)""}"
15,Baseline,False,193.8465,gaze_sample,"{""target"": ""Sci-fi platform-fbx (1)""}"
15,Baseline,False,193.9299,head_tracking,"{""input_type"": ""HandTracking"",""h"": ""37.55,1.32,2.96"",""l"": ""0.00,0.00,0.00"",""r"": ""0.00,0.00,0.00""}"
15,Baseline,False,193.9572,gaze_sample,"{""target"": ""Sci-fi platform-fbx (1)""}"
15,Baseline,False,194.0689,gaze_sample,"{""target"": ""Sci-fi platform-fbx (1)""}"
15,Baseline,False,194.1381,head_tracking,"{""input_type"": ""HandTracking"",""h"": ""37.55,1.32,2.96"",""l"": ""0.00,0.00,0.00"",""r"": ""0.00,0.00,0.00""}"
15,Baseline,False,194.1798,gaze_sample,"{""target"": ""Sci-fi platform-fbx (1)""}"
15,Baseline,False,194.2908,interaction,"{""item"": ""P_R_H Battery (5)"", ""action"": ""grab""}"
15,Baseline,False,194.2908,gaze_sample,"{""target"": ""Sci-fi platform-fbx (1)""}"
15,Baseline,False,194.3464,head_tracking,"{""input_type"": ""HandTracking"",""h"": ""37.55,1.32,2.96"",""l"": ""0.00,0.00,0.00"",""r"": ""0.00,0.00,0.00""}"
15,Baseline,False,194.4018,gaze_sample,"{""target"": ""P_R_H Battery (5)""}"
15,Baseline,False,194.513,gaze_sample,"{""target"": ""P_R_H Battery (5)""}"
15,Baseline,False,194.5547,head_tracking,"{""input_type"": ""HandTracking"",""h"": ""37.54,1.32,2.95"",""l"": ""0.00,0.00,0.00"",""r"": ""0.00,0.00,0.00""}"
15,Baseline,False,194.5827,interaction,"{""item"": ""P_R_H Battery (5)"", ""action"": ""grab""}"
15,Baseline,False,194.6241,gaze_sample,"{""target"": ""Sci-fi platform-fbx (1)""}"
15,Baseline,False,194.7351,gaze_sample,"{""target"": ""Sci-fi platform-fbx (1)""}"
15,Baseline,False,194.7629,head_tracking,"{""input_type"": ""HandTracking"",""h"": ""37.54,1.32,2.94"",""l"": ""0.00,0.00,0.00"",""r"": ""0.00,0.00,0.00""}"
15,Baseline,False,194.8464,gaze_sample,"{""target"": ""Sci-fi platform-fbx (1)""}"
15,Baseline,False,194.9576,gaze_sample,"{""target"": ""Sci-fi platform-fbx (1)""}"
15,Baseline,False,194.9717,head_tracking,"{""input_type"": ""HandTracking"",""h"": ""37.54,1.32,2.93"",""l"": ""0.00,0.00,0.00"",""r"": ""0.00,0.00,0.00""}"
15,Baseline,False,195.0688,gaze_sample,"{""target"": ""Sci-fi platform-fbx (1)""}"
15,Baseline,False,195.1797,head_tracking,"{""input_type"": ""HandTracking"",""h"": ""37.54,1.32,2.93"",""l"": ""0.00,0.00,0.00"",""r"": ""0.00,0.00,0.00""}"
15,Baseline,False,195.1797,gaze_sample,"{""target"": ""Sci-fi platform-fbx (1)""}"
15,Baseline,False,195.2912,gaze_sample,"{""target"": ""Sci-fi platform-fbx (1)""}"
15,Baseline,False,195.3894,head_tracking,"{""input_type"": ""HandTracking"",""h"": ""37.55,1.32,2.92"",""l"": ""0.00,0.00,0.00"",""r"": ""0.00,0.00,0.00""}"
15,Baseline,False,195.4019,gaze_sample,"{""target"": ""Sci-fi platform-fbx (1)""}"
15,Baseline,False,195.513,gaze_sample,"{""target"": ""Sci-fi platform-fbx (1)""}"
15,Baseline,False,195.5964,head_tracking,"{""input_type"": ""HandTracking"",""h"": ""37.54,1.32,2.92"",""l"": ""0.00,0.00,0.00"",""r"": ""0.00,0.00,0.00""}"
15,Baseline,False,195.6242,gaze_sample,"{""target"": ""Sci-fi platform-fbx (1)""}"
15,Baseline,False,195.7352,gaze_sample,"{""target"": ""Sci-fi platform-fbx (1)""}"
15,Baseline,False,195.8047,head_tracking,"{""input_type"": ""HandTracking"",""h"": ""37.54,1.32,2.92"",""l"": ""0.00,0.00,0.00"",""r"": ""0.00,0.00,0.00""}"
15,Baseline,False,195.8467,gaze_sample,"{""target"": ""Sci-fi platform-fbx (1)""}"
15,Baseline,False,195.9573,gaze_sample,"{""target"": ""Sci-fi platform-fbx (1)""}"
15,Baseline,False,196.0129,head_tracking,"{""input_type"": ""HandTracking"",""h"": ""37.54,1.32,2.93"",""l"": ""0.00,0.00,0.00"",""r"": ""0.00,0.00,0.00""}"
15,Baseline,False,196.0685,gaze_sample,"{""target"": ""Sci-fi platform-fbx (1)""}"
15,Baseline,False,196.1796,gaze_sample,"{""target"": ""Sci-fi platform-fbx (1)""}"
15,Baseline,False,196.2223,head_tracking,"{""input_type"": ""HandTracking"",""h"": ""37.54,1.32,2.93"",""l"": ""0.00,0.00,0.00"",""r"": ""0.00,0.00,0.00""}"
15,Baseline,False,196.2906,gaze_sample,"{""target"": ""Sci-fi platform-fbx (1)""}"
15,Baseline,False,196.4019,gaze_sample,"{""target"": ""Sci-fi platform-fbx (1)""}"
15,Baseline,False,196.4296,head_tracking,"{""input_type"": ""HandTracking"",""h"": ""37.54,1.32,2.93"",""l"": ""0.00,0.00,0.00"",""r"": ""0.00,0.00,0.00""}"
15,Baseline,False,196.5129,gaze_sample,"{""target"": ""Sci-fi platform-fbx (1)""}"
15,Baseline,False,196.6239,gaze_sample,"{""target"": ""Sci-fi platform-fbx (1)""}"
15,Baseline,False,196.638,head_tracking,"{""input_type"": ""HandTracking"",""h"": ""37.54,1.32,2.93"",""l"": ""0.00,0.00,0.00"",""r"": ""0.00,0.00,0.00""}"
15,Baseline,False,196.7352,gaze_sample,"{""target"": ""Sci-fi platform-fbx (1)""}"
15,Baseline,False,196.8463,head_tracking,"{""input_type"": ""HandTracking"",""h"": ""37.54,1.32,2.93"",""l"": ""0.00,0.00,0.00"",""r"": ""0.00,0.00,0.00""}"
15,Baseline,False,196.8463,gaze_sample,"{""target"": ""Sci-fi platform-fbx (1)""}"
15,Baseline,False,196.9575,gaze_sample,"{""target"": ""Sci-fi platform-fbx (1)""}"
15,Baseline,False,197.0547,head_tracking,"{""input_type"": ""HandTracking"",""h"": ""37.54,1.32,2.92"",""l"": ""0.00,0.00,0.00"",""r"": ""0.00,0.00,0.00""}"
15,Baseline,False,197.0685,gaze_sample,"{""target"": ""Sci-fi platform-fbx (1)""}"
15,Baseline,False,197.1797,gaze_sample,"{""target"": ""Sci-fi platform-fbx (1)""}"
15,Baseline,False,197.263,head_tracking,"{""input_type"": ""HandTracking"",""h"": ""37.54,1.32,2.92"",""l"": ""0.00,0.00,0.00"",""r"": ""0.00,0.00,0.00""}"
15,Baseline,False,197.2906,gaze_sample,"{""target"": ""room-large-variation""}"
15,Baseline,False,197.3327,battery_sorted,"{""total"": 3}"
15,Baseline,False,197.402,gaze_sample,"{""target"": ""room-large-variation""}"
15,Baseline,False,197.4713,head_tracking,"{""input_type"": ""HandTracking"",""h"": ""37.41,1.32,9.08"",""l"": ""0.00,0.00,0.00"",""r"": ""0.00,0.00,0.00""}"
15,Baseline,False,197.513,gaze_sample,"{""target"": ""room-large-variation""}"
15,Baseline,False,197.624,gaze_sample,"{""target"": ""room-large-variation""}"
15,Baseline,False,197.6795,head_tracking,"{""input_type"": ""HandTracking"",""h"": ""37.41,1.32,9.08"",""l"": ""0.00,0.00,0.00"",""r"": ""0.00,0.00,0.00""}"
15,Baseline,False,197.7354,gaze_sample,"{""target"": ""room-large-variation""}"
15,Baseline,False,197.8463,gaze_sample,"{""target"": ""room-large-variation""}"
15,Baseline,False,197.888,head_tracking,"{""input_type"": ""HandTracking"",""h"": ""37.40,1.32,9.08"",""l"": ""0.00,0.00,0.00"",""r"": ""0.00,0.00,0.00""}"
15,Baseline,False,197.9572,gaze_sample,"{""target"": ""room-large-variation""}"
15,Baseline,False,198.0686,gaze_sample,"{""target"": ""room-large-variation""}"
15,Baseline,False,198.0965,head_tracking,"{""input_type"": ""HandTracking"",""h"": ""37.38,1.32,9.07"",""l"": ""0.00,0.00,0.00"",""r"": ""0.00,0.00,0.00""}"
15,Baseline,False,198.1796,gaze_sample,"{""target"": ""room-large-variation""}"
15,Baseline,False,198.2916,gaze_sample,"{""target"": ""room-large-variation""}"
15,Baseline,False,198.3042,head_tracking,"{""input_type"": ""HandTracking"",""h"": ""37.37,1.32,9.06"",""l"": ""0.00,0.00,0.00"",""r"": ""0.00,0.00,0.00""}"
15,Baseline,False,198.4013,gaze_sample,"{""target"": ""room-large-variation""}"
15,Baseline,False,198.5124,head_tracking,"{""input_type"": ""HandTracking"",""h"": ""37.37,1.32,9.05"",""l"": ""0.00,0.00,0.00"",""r"": ""0.00,0.00,0.00""}"
15,Baseline,False,198.5124,gaze_sample,"{""target"": ""template-wall-detail-a""}"
15,Baseline,False,198.6235,gaze_sample,"{""target"": ""Sci-fi platform-fbx (2)""}"
15,Baseline,False,198.7207,head_tracking,"{""input_type"": ""HandTracking"",""h"": ""37.38,1.32,9.04"",""l"": ""0.00,0.00,0.00"",""r"": ""0.00,0.00,0.00""}"
15,Baseline,False,198.7346,gaze_sample,"{""target"": ""Sci-fi platform-fbx (2)""}"
15,Baseline,False,198.8461,gaze_sample,"{""target"": ""Cube""}"
15,Baseline,False,198.9288,head_tracking,"{""input_type"": ""HandTracking"",""h"": ""37.38,1.29,9.04"",""l"": ""0.00,0.00,0.00"",""r"": ""0.00,0.00,0.00""}"
15,Baseline,False,198.9565,gaze_sample,"{""target"": ""Cube""}"
15,Baseline,False,199.0674,gaze_sample,"{""target"": ""Cube""}"
15,Baseline,False,199.1367,head_tracking,"{""input_type"": ""HandTracking"",""h"": ""37.38,1.30,9.04"",""l"": ""0.00,0.00,0.00"",""r"": ""0.00,0.00,0.00""}"
15,Baseline,False,199.1786,gaze_sample,"{""target"": ""Cube""}"
15,Baseline,False,199.2897,gaze_sample,"{""target"": ""Cube""}"
15,Baseline,False,199.3453,head_tracking,"{""input_type"": ""HandTracking"",""h"": ""37.38,1.31,9.03"",""l"": ""0.00,0.00,0.00"",""r"": ""0.00,0.00,0.00""}"
15,Baseline,False,199.401,gaze_sample,"{""target"": ""Cube""}"
15,Baseline,False,199.512,gaze_sample,"{""target"": ""Cube""}"
15,Baseline,False,199.5536,head_tracking,"{""input_type"": ""HandTracking"",""h"": ""37.38,1.31,9.02"",""l"": ""0.00,0.00,0.00"",""r"": ""0.00,0.00,0.00""}"
15,Baseline,False,199.623,gaze_sample,"{""target"": ""Cube""}"
15,Baseline,False,199.7339,gaze_sample,"{""target"": ""Cube""}"
15,Baseline,False,199.7615,head_tracking,"{""input_type"": ""HandTracking"",""h"": ""37.39,1.32,9.00"",""l"": ""0.00,0.00,0.00"",""r"": ""0.00,0.00,0.00""}"
15,Baseline,False,199.845,gaze_sample,"{""target"": ""Cube""}"
15,Baseline,False,199.9696,head_tracking,"{""input_type"": ""HandTracking"",""h"": ""37.39,1.32,8.98"",""l"": ""0.00,0.00,0.00"",""r"": ""0.00,0.00,0.00""}"
15,Baseline,False,200.1782,head_tracking,"{""input_type"": ""HandTracking"",""h"": ""37.38,1.32,8.99"",""l"": ""0.00,0.00,0.00"",""r"": ""0.00,0.00,0.00""}"
15,Baseline,False,200.2892,gaze_sample,"{""target"": ""room-large-variation""}"
15,Baseline,False,200.3864,head_tracking,"{""input_type"": ""HandTracking"",""h"": ""37.38,1.32,9.00"",""l"": ""0.00,0.00,0.00"",""r"": ""0.00,0.00,0.00""}"
15,Baseline,False,200.4004,gaze_sample,"{""target"": ""room-large-variation""}"
15,Baseline,False,200.512,gaze_sample,"{""target"": ""Sci-fi platform-fbx (3)""}"
15,Baseline,False,200.5953,head_tracking,"{""input_type"": ""HandTracking"",""h"": ""37.37,1.32,9.01"",""l"": ""0.00,0.00,0.00"",""r"": ""0.00,0.00,0.00""}"
15,Baseline,False,200.623,gaze_sample,"{""target"": ""Sci-fi platform-fbx (3)""}"
15,Baseline,False,200.7345,gaze_sample,"{""target"": ""room-large-variation""}"
15,Baseline,False,200.8046,head_tracking,"{""input_type"": ""HandTracking"",""h"": ""37.37,1.31,9.02"",""l"": ""0.00,0.00,0.00"",""r"": ""0.00,0.00,0.00""}"
15,Baseline,False,200.8456,gaze_sample,"{""target"": ""Cube""}"
15,Baseline,False,200.9568,gaze_sample,"{""target"": ""Cube""}"
15,Baseline,False,201.0124,head_tracking,"{""input_type"": ""HandTracking"",""h"": ""37.37,1.30,9.03"",""l"": ""0.00,0.00,0.00"",""r"": ""0.00,0.00,0.00""}"
15,Baseline,False,201.0681,gaze_sample,"{""target"": ""Cube""}"
15,Baseline,False,201.1804,gaze_sample,"{""target"": ""Cube""}"
15,Baseline,False,201.2208,head_tracking,"{""input_type"": ""HandTracking"",""h"": ""37.37,1.31,9.04"",""l"": ""0.00,0.00,0.00"",""r"": ""0.00,0.00,0.00""}"
15,Baseline,False,201.2904,gaze_sample,"{""target"": ""Cube""}"
15,Baseline,False,201.4017,gaze_sample,"{""target"": ""Cube""}"
15,Baseline,False,201.4294,head_tracking,"{""input_type"": ""HandTracking"",""h"": ""37.37,1.32,9.05"",""l"": ""0.00,0.00,0.00"",""r"": ""0.00,0.00,0.00""}"
15,Baseline,False,201.5129,gaze_sample,"{""target"": ""template-wall-detail-a""}"
15,Baseline,False,201.6242,gaze_sample,"{""target"": ""template-wall-detail-a""}"
15,Baseline,False,201.638,head_tracking,"{""input_type"": ""HandTracking"",""h"": ""37.38,1.32,9.04"",""l"": ""0.00,0.00,0.00"",""r"": ""0.00,0.00,0.00""}"
15,Baseline,False,201.7354,gaze_sample,"{""target"": ""Cube""}"
15,Baseline,False,201.847,head_tracking,"{""input_type"": ""HandTracking"",""h"": ""37.38,1.31,9.02"",""l"": ""0.00,0.00,0.00"",""r"": ""0.00,0.00,0.00""}"
15,Baseline,False,201.847,gaze_sample,"{""target"": ""Cube""}"
15,Baseline,False,201.9565,gaze_sample,"{""target"": ""Cube""}"
15,Baseline,False,202.0539,head_tracking,"{""input_type"": ""HandTracking"",""h"": ""37.38,1.30,9.01"",""l"": ""0.00,0.00,0.00"",""r"": ""0.00,0.00,0.00""}"
15,Baseline,False,202.0676,gaze_sample,"{""target"": ""Cube""}"
15,Baseline,False,202.1784,gaze_sample,"{""target"": ""Cube""}"
15,Baseline,False,202.2617,head_tracking,"{""input_type"": ""HandTracking"",""h"": ""37.39,1.31,9.01"",""l"": ""0.00,0.00,0.00"",""r"": ""0.00,0.00,0.00""}"
15,Baseline,False,202.2893,gaze_sample,"{""target"": ""Cube""}"
15,Baseline,False,202.4016,gaze_sample,"{""target"": ""Cube""}"
15,Baseline,False,202.47,head_tracking,"{""input_type"": ""HandTracking"",""h"": ""37.40,1.31,9.02"",""l"": ""0.00,0.00,0.00"",""r"": ""0.00,0.00,0.00""}"
15,Baseline,False,202.5116,gaze_sample,"{""target"": ""Cube""}"
15,Baseline,False,202.6234,gaze_sample,"{""target"": ""Cube""}"
15,Baseline,False,202.679,head_tracking,"{""input_type"": ""HandTracking"",""h"": ""37.40,1.32,9.02"",""l"": ""0.00,0.00,0.00"",""r"": ""0.00,0.00,0.00""}"
15,Baseline,False,202.7349,gaze_sample,"{""target"": ""Cube""}"
15,Baseline,False,202.8456,gaze_sample,"{""target"": ""Cube""}"
15,Baseline,False,202.8878,head_tracking,"{""input_type"": ""HandTracking"",""h"": ""37.40,1.32,9.04"",""l"": ""0.00,0.00,0.00"",""r"": ""0.00,0.00,0.00""}"
15,Baseline,False,202.9573,gaze_sample,"{""target"": ""Cube""}"
15,Baseline,False,203.0683,gaze_sample,"{""target"": ""Sci-fi platform-fbx (2)""}"
15,Baseline,False,203.0963,head_tracking,"{""input_type"": ""HandTracking"",""h"": ""37.40,1.32,9.05"",""l"": ""0.00,0.00,0.00"",""r"": ""0.00,0.00,0.00""}"
15,Baseline,False,203.1795,gaze_sample,"{""target"": ""Sci-fi platform-fbx (2)""}"
15,Baseline,False,203.2909,gaze_sample,"{""target"": ""Sci-fi platform-fbx (2)""}"
15,Baseline,False,203.3047,head_tracking,"{""input_type"": ""HandTracking"",""h"": ""37.40,1.32,9.05"",""l"": ""0.00,0.00,0.00"",""r"": ""0.00,0.00,0.00""}"
15,Baseline,False,203.4019,gaze_sample,"{""target"": ""Cube""}"
15,Baseline,False,203.5129,head_tracking,"{""input_type"": ""HandTracking"",""h"": ""37.40,1.32,9.04"",""l"": ""0.00,0.00,0.00"",""r"": ""0.00,0.00,0.00""}"
15,Baseline,False,203.5129,gaze_sample,"{""target"": ""Cube""}"
15,Baseline,False,203.6239,gaze_sample,"{""target"": ""Cube""}"
15,Baseline,False,203.7211,head_tracking,"{""input_type"": ""HandTracking"",""h"": ""37.40,1.32,9.03"",""l"": ""0.00,0.00,0.00"",""r"": ""0.00,0.00,0.00""}"
15,Baseline,False,203.735,gaze_sample,"{""target"": ""Cube""}"
15,Baseline,False,203.8461,gaze_sample,"{""target"": ""Cube""}"
15,Baseline,False,203.9292,head_tracking,"{""input_type"": ""HandTracking"",""h"": ""37.41,1.32,9.04"",""l"": ""0.00,0.00,0.00"",""r"": ""0.00,0.00,0.00""}"
15,Baseline,False,203.957,gaze_sample,"{""target"": ""Cube""}"
15,Baseline,False,204.0679,gaze_sample,"{""target"": ""Cube""}"
15,Baseline,False,204.1377,head_tracking,"{""input_type"": ""HandTracking"",""h"": ""37.41,1.32,9.04"",""l"": ""0.00,0.00,0.00"",""r"": ""0.00,0.00,0.00""}"
15,Baseline,False,204.1807,gaze_sample,"{""target"": ""Cube""}"
15,Baseline,False,204.2901,gaze_sample,"{""target"": ""Cube""}"
15,Baseline,False,204.3456,head_tracking,"{""input_type"": ""HandTracking"",""h"": ""37.41,1.32,9.03"",""l"": ""0.00,0.00,0.00"",""r"": ""0.00,0.00,0.00""}"
15,Baseline,False,204.4012,gaze_sample,"{""target"": ""Cube""}"
15,Baseline,False,204.5119,gaze_sample,"{""target"": ""Cube""}"
15,Baseline,False,204.5535,head_tracking,"{""input_type"": ""HandTracking"",""h"": ""37.41,1.32,9.02"",""l"": ""0.00,0.00,0.00"",""r"": ""0.00,0.00,0.00""}"
15,Baseline,False,204.6233,gaze_sample,"{""target"": ""Cube""}"
15,Baseline,False,204.7341,gaze_sample,"{""target"": ""Cube""}"
15,Baseline,False,204.7619,head_tracking,"{""input_type"": ""HandTracking"",""h"": ""32.61,1.32,7.63"",""l"": ""0.00,0.00,0.00"",""r"": ""0.00,0.00,0.00""}"
15,Baseline,False,204.8456,gaze_sample,"{""target"": ""Cube""}"
15,Baseline,False,204.9568,gaze_sample,"{""target"": ""Cube""}"
15,Baseline,False,204.9707,head_tracking,"{""input_type"": ""HandTracking"",""h"": ""32.61,1.32,7.63"",""l"": ""0.00,0.00,0.00"",""r"": ""0.00,0.00,0.00""}"
15,Baseline,False,205.0678,gaze_sample,"{""target"": ""Cube""}"
15,Baseline,False,205.1791,head_tracking,"{""input_type"": ""HandTracking"",""h"": ""32.60,1.33,7.65"",""l"": ""0.00,0.00,0.00"",""r"": ""0.00,0.00,0.00""}"
15,Baseline,False,205.1791,gaze_sample,"{""target"": ""gate-door""}"
15,Baseline,False,205.3877,head_tracking,"{""input_type"": ""HandTracking"",""h"": ""32.60,1.33,7.65"",""l"": ""0.00,0.00,0.00"",""r"": ""0.00,0.00,0.00""}"
15,Baseline,False,205.4016,gaze_sample,"{""target"": ""gate-door""}"
15,Baseline,False,205.5129,gaze_sample,"{""target"": ""room-large-variation""}"
15,Baseline,False,205.5959,head_tracking,"{""input_type"": ""HandTracking"",""h"": ""32.61,1.33,7.65"",""l"": ""0.00,0.00,0.00"",""r"": ""0.00,0.00,0.00""}"
15,Baseline,False,205.6236,gaze_sample,"{""target"": ""room-large-variation""}"
15,Baseline,False,205.734,gaze_sample,"{""target"": ""room-large-variation""}"
15,Baseline,False,205.8036,head_tracking,"{""input_type"": ""HandTracking"",""h"": ""32.60,1.33,7.65"",""l"": ""0.00,0.00,0.00"",""r"": ""0.00,0.00,0.00""}"
15,Baseline,False,205.9567,gaze_sample,"{""target"": ""Sci-fi platform-fbx (3)""}"
15,Baseline,False,206.0124,head_tracking,"{""input_type"": ""HandTracking"",""h"": ""32.59,1.33,7.66"",""l"": ""0.00,0.00,0.00"",""r"": ""0.00,0.00,0.00""}"
15,Baseline,False,206.0679,gaze_sample,"{""target"": ""Sci-fi platform-fbx (3)""}"
15,Baseline,False,206.179,gaze_sample,"{""target"": ""Sci-fi platform-fbx (3)""}"
15,Baseline,False,206.2206,head_tracking,"{""input_type"": ""HandTracking"",""h"": ""32.58,1.33,7.66"",""l"": ""0.00,0.00,0.00"",""r"": ""0.00,0.00,0.00""}"
15,Baseline,False,206.2904,gaze_sample,"{""target"": ""Sci-fi platform-fbx (3)""}"
15,Baseline,False,206.4015,gaze_sample,"{""target"": ""Sci-fi platform-fbx (3)""}"
15,Baseline,False,206.4293,head_tracking,"{""input_type"": ""HandTracking"",""h"": ""32.57,1.33,7.67"",""l"": ""0.00,0.00,0.00"",""r"": ""0.00,0.00,0.00""}"
15,Baseline,False,206.5128,gaze_sample,"{""target"": ""room-large-variation""}"
15,Baseline,False,206.6241,gaze_sample,"{""target"": ""room-large-variation""}"
15,Baseline,False,206.6381,head_tracking,"{""input_type"": ""HandTracking"",""h"": ""32.57,1.33,7.70"",""l"": ""0.00,0.00,0.00"",""r"": ""0.00,0.00,0.00""}"
15,Baseline,False,206.7353,gaze_sample,"{""target"": ""room-large-variation""}"
15,Baseline,False,206.8467,head_tracking,"{""input_type"": ""HandTracking"",""h"": ""32.57,1.33,7.71"",""l"": ""0.00,0.00,0.00"",""r"": ""0.00,0.00,0.00""}"
15,Baseline,False,206.8467,gaze_sample,"{""target"": ""Sci-fi platform-fbx (2)""}"
15,Baseline,False,206.9576,gaze_sample,"{""target"": ""Sci-fi platform-fbx (2)""}"
15,Baseline,False,207.0554,head_tracking,"{""input_type"": ""HandTracking"",""h"": ""32.57,1.33,7.70"",""l"": ""0.00,0.00,0.00"",""r"": ""0.00,0.00,0.00""}"
15,Baseline,False,207.0696,gaze_sample,"{""target"": ""room-large-variation""}"
15,Baseline,False,207.1798,gaze_sample,"{""target"": ""Sci-fi platform-fbx (3)""}"
15,Baseline,False,207.2628,head_tracking,"{""input_type"": ""HandTracking"",""h"": ""32.57,1.33,7.66"",""l"": ""0.00,0.00,0.00"",""r"": ""0.00,0.00,0.00""}"
15,Baseline,False,207.2906,gaze_sample,"{""target"": ""Sci-fi platform-fbx (3)""}"
15,Baseline,False,207.4016,gaze_sample,"{""target"": ""gate-door""}"
15,Baseline,False,207.4708,head_tracking,"{""input_type"": ""HandTracking"",""h"": ""32.58,1.33,7.65"",""l"": ""0.00,0.00,0.00"",""r"": ""0.00,0.00,0.00""}"
15,Baseline,False,207.5128,gaze_sample,"{""target"": ""room-large-variation""}"
15,Baseline,False,207.6235,gaze_sample,"{""target"": ""Sci-fi platform-fbx""}"
15,Baseline,False,207.6786,head_tracking,"{""input_type"": ""HandTracking"",""h"": ""32.59,1.32,7.64"",""l"": ""0.00,0.00,0.00"",""r"": ""0.00,0.00,0.00""}"
15,Baseline,False,207.7344,gaze_sample,"{""target"": ""Sci-fi platform-fbx""}"
15,Baseline,False,207.8452,gaze_sample,"{""target"": ""room-large-variation""}"
15,Baseline,False,207.887,head_tracking,"{""input_type"": ""HandTracking"",""h"": ""32.58,1.32,7.64"",""l"": ""0.00,0.00,0.00"",""r"": ""0.00,0.00,0.00""}"
15,Baseline,False,207.9565,gaze_sample,"{""target"": ""room-large-variation""}"
15,Baseline,False,208.0675,gaze_sample,"{""target"": ""Sci-fi platform-fbx""}"
15,Baseline,False,208.0953,head_tracking,"{""input_type"": ""HandTracking"",""h"": ""32.58,1.32,7.63"",""l"": ""0.00,0.00,0.00"",""r"": ""0.00,0.00,0.00""}"
15,Baseline,False,208.1797,gaze_sample,"{""target"": ""Sci-fi platform-fbx""}"
15,Baseline,False,208.2899,gaze_sample,"{""target"": ""room-large-variation""}"
15,Baseline,False,208.3037,head_tracking,"{""input_type"": ""HandTracking"",""h"": ""32.56,1.32,7.63"",""l"": ""0.00,0.00,0.00"",""r"": ""0.00,0.00,0.00""}"
15,Baseline,False,208.4009,gaze_sample,"{""target"": ""room-large-variation""}"
15,Baseline,False,208.5119,head_tracking,"{""input_type"": ""HandTracking"",""h"": ""32.54,1.32,7.64"",""l"": ""0.00,0.00,0.00"",""r"": ""0.00,0.00,0.00""}"
15,Baseline,False,208.5119,gaze_sample,"{""target"": ""room-large-variation""}"
15,Baseline,False,208.6231,gaze_sample,"{""target"": ""room-large-variation""}"
15,Baseline,False,208.7211,head_tracking,"{""input_type"": ""HandTracking"",""h"": ""32.53,1.33,7.65"",""l"": ""0.00,0.00,0.00"",""r"": ""0.00,0.00,0.00""}"
15,Baseline,False,208.734,gaze_sample,"{""target"": ""room-large-variation""}"
15,Baseline,False,208.8447,gaze_sample,"{""target"": ""room-large-variation""}"
15,Baseline,False,208.9283,head_tracking,"{""input_type"": ""HandTracking"",""h"": ""32.52,1.33,7.66"",""l"": ""0.00,0.00,0.00"",""r"": ""0.00,0.00,0.00""}"
15,Baseline,False,208.9558,gaze_sample,"{""target"": ""room-large-variation""}"
15,Baseline,False,209.067,gaze_sample,"{""target"": ""room-large-variation""}"
15,Baseline,False,209.1366,head_tracking,"{""input_type"": ""HandTracking"",""h"": ""32.50,1.33,7.68"",""l"": ""0.00,0.00,0.00"",""r"": ""0.00,0.00,0.00""}"
15,Baseline,False,209.1784,gaze_sample,"{""target"": ""room-large-variation""}"
15,Baseline,False,209.2894,gaze_sample,"{""target"": ""gate-door""}"
15,Baseline,False,209.3452,head_tracking,"{""input_type"": ""HandTracking"",""h"": ""32.49,1.33,7.69"",""l"": ""0.00,0.00,0.00"",""r"": ""0.00,0.00,0.00""}"
15,Baseline,False,209.5538,head_tracking,"{""input_type"": ""HandTracking"",""h"": ""32.49,1.33,7.70"",""l"": ""0.00,0.00,0.00"",""r"": ""0.00,0.00,0.00""}"
15,Baseline,False,209.7344,gaze_sample,"{""target"": ""gate-door""}"
15,Baseline,False,209.7621,head_tracking,"{""input_type"": ""HandTracking"",""h"": ""32.49,1.33,7.70"",""l"": ""0.00,0.00,0.00"",""r"": ""0.00,0.00,0.00""}"
15,Baseline,False,209.8453,gaze_sample,"{""target"": ""room-large-variation""}"
15,Baseline,False,209.9562,gaze_sample,"{""target"": ""room-large-variation""}"
15,Baseline,False,209.9703,head_tracking,"{""input_type"": ""HandTracking"",""h"": ""32.50,1.33,7.69"",""l"": ""0.00,0.00,0.00"",""r"": ""0.00,0.00,0.00""}"
15,Baseline,False,210.067,gaze_sample,"{""target"": ""room-large-variation""}"
15,Baseline,False,210.1781,head_tracking,"{""input_type"": ""HandTracking"",""h"": ""32.51,1.33,7.68"",""l"": ""0.00,0.00,0.00"",""r"": ""0.00,0.00,0.00""}"
15,Baseline,False,210.1781,gaze_sample,"{""target"": ""room-large-variation""}"
15,Baseline,False,210.2895,gaze_sample,"{""target"": ""room-large-variation""}"
15,Baseline,False,210.3867,head_tracking,"{""input_type"": ""HandTracking"",""h"": ""28.53,1.33,2.58"",""l"": ""0.00,0.00,0.00"",""r"": ""0.00,0.00,0.00""}"
15,Baseline,False,210.4009,gaze_sample,"{""target"": ""room-large-variation""}"
15,Baseline,False,210.5121,gaze_sample,"{""target"": ""room-large-variation""}"
15,Baseline,False,210.5956,head_tracking,"{""input_type"": ""HandTracking"",""h"": ""28.54,1.32,2.57"",""l"": ""0.00,0.00,0.00"",""r"": ""0.00,0.00,0.00""}"
15,Baseline,False,210.6235,gaze_sample,"{""target"": ""room-large-variation""}"
15,Baseline,False,210.7344,gaze_sample,"{""target"": ""room-large-variation""}"
15,Baseline,False,210.8035,head_tracking,"{""input_type"": ""HandTracking"",""h"": ""28.56,1.32,2.56"",""l"": ""0.00,0.00,0.00"",""r"": ""0.00,0.00,0.00""}"
15,Baseline,False,210.845,gaze_sample,"{""target"": ""room-large-variation""}"
15,Baseline,False,210.9563,gaze_sample,"{""target"": ""gate-lasers""}"
15,Baseline,False,211.0116,head_tracking,"{""input_type"": ""HandTracking"",""h"": ""28.57,1.32,2.56"",""l"": ""0.00,0.00,0.00"",""r"": ""0.00,0.00,0.00""}"
15,Baseline,False,211.0672,gaze_sample,"{""target"": ""Sci-fi platform-fbx (6)""}"
15,Baseline,False,211.1782,gaze_sample,"{""target"": ""Sci-fi platform-fbx (6)""}"
15,Baseline,False,211.2199,head_tracking,"{""input_type"": ""HandTracking"",""h"": ""28.56,1.31,2.55"",""l"": ""0.00,0.00,0.00"",""r"": ""0.00,0.00,0.00""}"
15,Baseline,False,211.2893,gaze_sample,"{""target"": ""room-large-variation""}"
15,Baseline,False,211.4002,gaze_sample,"{""target"": ""room-large-variation""}"
15,Baseline,False,211.4281,head_tracking,"{""input_type"": ""HandTracking"",""h"": ""28.55,1.31,2.54"",""l"": ""0.00,0.00,0.00"",""r"": ""0.00,0.00,0.00""}"
15,Baseline,False,211.5113,gaze_sample,"{""target"": ""room-large-variation""}"
15,Baseline,False,211.6225,gaze_sample,"{""target"": ""room-large-variation""}"
15,Baseline,False,211.6366,head_tracking,"{""input_type"": ""HandTracking"",""h"": ""28.53,1.31,2.53"",""l"": ""0.00,0.00,0.00"",""r"": ""0.00,0.00,0.00""}"
15,Baseline,False,211.7337,gaze_sample,"{""target"": ""Sci-fi platform-fbx (6)""}"
15,Baseline,False,211.8447,head_tracking,"{""input_type"": ""HandTracking"",""h"": ""28.53,1.31,2.53"",""l"": ""0.00,0.00,0.00"",""r"": ""0.00,0.00,0.00""}"
15,Baseline,False,211.8447,gaze_sample,"{""target"": ""Sci-fi platform-fbx (6)""}"
15,Baseline,False,211.9561,gaze_sample,"{""target"": ""Sci-fi platform-fbx (6)""}"
15,Baseline,False,212.053,head_tracking,"{""input_type"": ""HandTracking"",""h"": ""28.52,1.31,2.53"",""l"": ""0.00,0.00,0.00"",""r"": ""0.00,0.00,0.00""}"
15,Baseline,False,212.067,gaze_sample,"{""target"": ""lasers""}"
15,Baseline,False,212.1782,gaze_sample,"{""target"": ""room-large-variation""}"
15,Baseline,False,212.2616,head_tracking,"{""input_type"": ""HandTracking"",""h"": ""28.49,1.32,2.54"",""l"": ""0.00,0.00,0.00"",""r"": ""0.00,0.00,0.00""}"
15,Baseline,False,212.2897,gaze_sample,"{""target"": ""room-large-variation""}"
15,Baseline,False,212.4013,gaze_sample,"{""target"": ""room-large-variation""}"
15,Baseline,False,212.471,head_tracking,"{""input_type"": ""HandTracking"",""h"": ""28.48,1.32,2.56"",""l"": ""0.00,0.00,0.00"",""r"": ""0.00,0.00,0.00""}"
15,Baseline,False,212.5128,gaze_sample,"{""target"": ""room-large-variation""}"
15,Baseline,False,212.6242,gaze_sample,"{""target"": ""gate-door""}"
15,Baseline,False,212.68,head_tracking,"{""input_type"": ""HandTracking"",""h"": ""28.49,1.33,2.57"",""l"": ""0.00,0.00,0.00"",""r"": ""0.00,0.00,0.00""}"
15,Baseline,False,212.8461,gaze_sample,"{""target"": ""gate-door""}"
15,Baseline,False,212.8878,head_tracking,"{""input_type"": ""HandTracking"",""h"": ""28.49,1.33,2.55"",""l"": ""0.00,0.00,0.00"",""r"": ""0.00,0.00,0.00""}"
15,Baseline,False,212.9572,gaze_sample,"{""target"": ""room-large-variation""}"
15,Baseline,False,213.0681,gaze_sample,"{""target"": ""room-large-variation""}"
15,Baseline,False,213.0959,head_tracking,"{""input_type"": ""HandTracking"",""h"": ""28.51,1.33,2.55"",""l"": ""0.00,0.00,0.00"",""r"": ""0.00,0.00,0.00""}"
15,Baseline,False,213.1793,gaze_sample,"{""target"": ""room-large-variation""}"
15,Baseline,False,213.2904,gaze_sample,"{""target"": ""Sci-fi platform-fbx (3)""}"
15,Baseline,False,213.3044,head_tracking,"{""input_type"": ""HandTracking"",""h"": ""28.53,1.33,2.57"",""l"": ""0.00,0.00,0.00"",""r"": ""0.00,0.00,0.00""}"
15,Baseline,False,213.4016,gaze_sample,"{""target"": ""Sci-fi platform-fbx (3)""}"
15,Baseline,False,213.5125,head_tracking,"{""input_type"": ""HandTracking"",""h"": ""28.55,1.33,2.60"",""l"": ""0.00,0.00,0.00"",""r"": ""0.00,0.00,0.00""}"
15,Baseline,False,213.5125,gaze_sample,"{""target"": ""Sci-fi platform-fbx (3)""}"
15,Baseline,False,213.6236,gaze_sample,"{""target"": ""Sci-fi platform-fbx (3)""}"
15,Baseline,False,213.7206,head_tracking,"{""input_type"": ""HandTracking"",""h"": ""28.57,1.32,2.62"",""l"": ""0.00,0.00,0.00"",""r"": ""0.00,0.00,0.00""}"
15,Baseline,False,213.7346,gaze_sample,"{""target"": ""Sci-fi platform-fbx (3)""}"
15,Baseline,False,213.8457,gaze_sample,"{""target"": ""room-large-variation""}"
15,Baseline,False,213.9288,head_tracking,"{""input_type"": ""HandTracking"",""h"": ""28.58,1.33,2.62"",""l"": ""0.00,0.00,0.00"",""r"": ""0.00,0.00,0.00""}"
15,Baseline,False,213.9566,gaze_sample,"{""target"": ""room-large-variation""}"
15,Baseline,False,214.0676,gaze_sample,"{""target"": ""room-large-variation""}"
15,Baseline,False,214.1368,head_tracking,"{""input_type"": ""HandTracking"",""h"": ""28.58,1.33,2.62"",""l"": ""0.00,0.00,0.00"",""r"": ""0.00,0.00,0.00""}"
15,Baseline,False,214.1787,gaze_sample,"{""target"": ""room-large-variation""}"
15,Baseline,False,214.2898,gaze_sample,"{""target"": ""room-large-variation""}"
15,Baseline,False,214.3455,head_tracking,"{""input_type"": ""HandTracking"",""h"": ""28.57,1.33,2.63"",""l"": ""0.00,0.00,0.00"",""r"": ""0.00,0.00,0.00""}"
15,Baseline,False,214.4009,gaze_sample,"{""target"": ""room-large-variation""}"
15,Baseline,False,214.5118,gaze_sample,"{""target"": ""Sci-fi platform-fbx (3)""}"
15,Baseline,False,214.5532,head_tracking,"{""input_type"": ""HandTracking"",""h"": ""28.55,1.33,2.62"",""l"": ""0.00,0.00,0.00"",""r"": ""0.00,0.00,0.00""}"
15,Baseline,False,214.6231,gaze_sample,"{""target"": ""Sci-fi platform-fbx (3)""}"
15,Baseline,False,214.7344,gaze_sample,"{""target"": ""room-large-variation""}"
15,Baseline,False,214.7625,head_tracking,"{""input_type"": ""HandTracking"",""h"": ""28.53,1.33,2.58"",""l"": ""0.00,0.00,0.00"",""r"": ""0.00,0.00,0.00""}"
15,Baseline,False,214.9569,gaze_sample,"{""target"": ""gate-door""}"
15,Baseline,False,214.9708,head_tracking,"{""input_type"": ""HandTracking"",""h"": ""28.52,1.33,2.55"",""l"": ""0.00,0.00,0.00"",""r"": ""0.00,0.00,0.00""}"
15,Baseline,False,215.0677,gaze_sample,"{""target"": ""gate-door""}"
15,Baseline,False,215.1787,head_tracking,"{""input_type"": ""HandTracking"",""h"": ""28.52,1.33,2.55"",""l"": ""0.00,0.00,0.00"",""r"": ""0.00,0.00,0.00""}"
15,Baseline,False,215.1787,gaze_sample,"{""target"": ""room-large-variation""}"
15,Baseline,False,215.2899,gaze_sample,"{""target"": ""room-large-variation""}"
15,Baseline,False,215.3869,head_tracking,"{""input_type"": ""HandTracking"",""h"": ""28.53,1.33,2.53"",""l"": ""0.00,0.00,0.00"",""r"": ""0.00,0.00,0.00""}"
15,Baseline,False,215.4008,gaze_sample,"{""target"": ""room-large-variation""}"
15,Baseline,False,215.5113,gaze_sample,"{""target"": ""gate-lasers""}"
15,Baseline,False,215.594,head_tracking,"{""input_type"": ""HandTracking"",""h"": ""28.55,1.31,2.53"",""l"": ""0.00,0.00,0.00"",""r"": ""0.00,0.00,0.00""}"
15,Baseline,False,215.6217,gaze_sample,"{""target"": ""Sci-fi platform-fbx (6)""}"
15,Baseline,False,215.733,gaze_sample,"{""target"": ""room-large-variation""}"
15,Baseline,False,215.8018,head_tracking,"{""input_type"": ""HandTracking"",""h"": ""28.56,1.31,2.54"",""l"": ""0.00,0.00,0.00"",""r"": ""0.00,0.00,0.00""}"
15,Baseline,False,215.8436,gaze_sample,"{""target"": ""room-large-variation""}"
15,Baseline,False,215.9549,gaze_sample,"{""target"": ""Sci-fi platform-fbx""}"
15,Baseline,False,216.0109,head_tracking,"{""input_type"": ""HandTracking"",""h"": ""28.59,1.31,2.55"",""l"": ""0.00,0.00,0.00"",""r"": ""0.00,0.00,0.00""}"
15,Baseline,False,216.0664,gaze_sample,"{""target"": ""Sci-fi platform-fbx""}"
15,Baseline,False,216.1776,gaze_sample,"{""target"": ""Sci-fi platform-fbx""}"
15,Baseline,False,216.2192,head_tracking,"{""input_type"": ""HandTracking"",""h"": ""28.59,1.30,2.55"",""l"": ""0.00,0.00,0.00"",""r"": ""0.00,0.00,0.00""}"
15,Baseline,False,216.2894,gaze_sample,"{""target"": ""room-large-variation""}"
15,Baseline,False,216.4,gaze_sample,"{""target"": ""room-large-variation""}"
15,Baseline,False,216.428,head_tracking,"{""input_type"": ""HandTracking"",""h"": ""28.60,1.30,2.55"",""l"": ""0.00,0.00,0.00"",""r"": ""0.00,0.00,0.00""}"
15,Baseline,False,216.5113,gaze_sample,"{""target"": ""room-large-variation""}"
15,Baseline,False,216.6225,gaze_sample,"{""target"": ""room-large-variation""}"
15,Baseline,False,216.6361,head_tracking,"{""input_type"": ""HandTracking"",""h"": ""28.59,1.29,2.55"",""l"": ""0.00,0.00,0.00"",""r"": ""0.00,0.00,0.00""}"
15,Baseline,False,216.7335,gaze_sample,"{""target"": ""room-large-variation""}"
15,Baseline,False,216.8444,head_tracking,"{""input_type"": ""HandTracking"",""h"": ""32.96,1.29,1.74"",""l"": ""0.00,0.00,0.00"",""r"": ""0.00,0.00,0.00""}"
15,Baseline,False,216.8444,gaze_sample,"{""target"": ""room-large-variation""}"
15,Baseline,False,216.956,gaze_sample,"{""target"": ""room-large-variation""}"
15,Baseline,False,217.0533,head_tracking,"{""input_type"": ""HandTracking"",""h"": ""32.96,1.29,1.73"",""l"": ""0.00,0.00,0.00"",""r"": ""0.00,0.00,0.00""}"
15,Baseline,False,217.0672,gaze_sample,"{""target"": ""room-large-variation""}"
15,Baseline,False,217.1785,gaze_sample,"{""target"": ""room-large-variation""}"
15,Baseline,False,217.262,head_tracking,"{""input_type"": ""HandTracking"",""h"": ""32.97,1.29,1.74"",""l"": ""0.00,0.00,0.00"",""r"": ""0.00,0.00,0.00""}"
15,Baseline,False,217.2897,gaze_sample,"{""target"": ""room-large-variation""}"
15,Baseline,False,217.4009,gaze_sample,"{""target"": ""room-large-variation""}"
15,Baseline,False,217.4703,head_tracking,"{""input_type"": ""HandTracking"",""h"": ""32.97,1.29,1.74"",""l"": ""0.00,0.00,0.00"",""r"": ""0.00,0.00,0.00""}"
15,Baseline,False,217.5135,gaze_sample,"{""target"": ""room-large-variation""}"
15,Baseline,False,217.6234,gaze_sample,"{""target"": ""room-large-variation""}"
15,Baseline,False,217.6788,head_tracking,"{""input_type"": ""HandTracking"",""h"": ""32.97,1.29,1.74"",""l"": ""0.00,0.00,0.00"",""r"": ""0.00,0.00,0.00""}"
15,Baseline,False,217.7343,gaze_sample,"{""target"": ""room-large-variation""}"
15,Baseline,False,217.8458,gaze_sample,"{""target"": ""room-large-variation""}"
15,Baseline,False,217.887,head_tracking,"{""input_type"": ""HandTracking"",""h"": ""32.97,1.29,1.73"",""l"": ""0.00,0.00,0.00"",""r"": ""0.00,0.00,0.00""}"
15,Baseline,False,217.9569,gaze_sample,"{""target"": ""room-large-variation""}"
15,Baseline,False,218.0678,gaze_sample,"{""target"": ""room-large-variation""}"
15,Baseline,False,218.0958,head_tracking,"{""input_type"": ""HandTracking"",""h"": ""32.96,1.29,1.72"",""l"": ""0.00,0.00,0.00"",""r"": ""0.00,0.00,0.00""}"
15,Baseline,False,218.1789,gaze_sample,"{""target"": ""room-large-variation""}"
15,Baseline,False,218.2902,gaze_sample,"{""target"": ""room-large-variation""}"
15,Baseline,False,218.3042,head_tracking,"{""input_type"": ""HandTracking"",""h"": ""32.96,1.29,1.72"",""l"": ""0.00,0.00,0.00"",""r"": ""0.00,0.00,0.00""}"
15,Baseline,False,218.4014,gaze_sample,"{""target"": ""room-large-variation""}"
15,Baseline,False,218.5127,head_tracking,"{""input_type"": ""HandTracking"",""h"": ""32.96,1.29,1.73"",""l"": ""0.00,0.00,0.00"",""r"": ""0.00,0.00,0.00""}"
15,Baseline,False,218.5127,gaze_sample,"{""target"": ""room-large-variation""}"
15,Baseline,False,218.6234,gaze_sample,"{""target"": ""room-large-variation""}"
15,Baseline,False,218.7208,head_tracking,"{""input_type"": ""HandTracking"",""h"": ""32.96,1.29,1.72"",""l"": ""0.00,0.00,0.00"",""r"": ""0.00,0.00,0.00""}"
15,Baseline,False,218.7345,gaze_sample,"{""target"": ""room-large-variation""}"
15,Baseline,False,218.8455,gaze_sample,"{""target"": ""room-large-variation""}"
15,Baseline,False,218.9286,head_tracking,"{""input_type"": ""HandTracking"",""h"": ""32.96,1.28,1.72"",""l"": ""0.00,0.00,0.00"",""r"": ""0.00,0.00,0.00""}"
15,Baseline,False,218.9566,gaze_sample,"{""target"": ""room-large-variation""}"
15,Baseline,False,219.0683,gaze_sample,"{""target"": ""template-corner""}"
15,Baseline,False,219.1376,head_tracking,"{""input_type"": ""HandTracking"",""h"": ""39.01,1.29,1.36"",""l"": ""0.00,0.00,0.00"",""r"": ""0.00,0.00,0.00""}"
15,Baseline,False,219.1791,gaze_sample,"{""target"": ""template-corner""}"
15,Baseline,False,219.2902,gaze_sample,"{""target"": ""template-corner""}"
15,Baseline,False,219.3458,head_tracking,"{""input_type"": ""HandTracking"",""h"": ""39.01,1.29,1.36"",""l"": ""0.00,0.00,0.00"",""r"": ""0.00,0.00,0.00""}"
15,Baseline,False,219.4018,gaze_sample,"{""target"": ""template-corner""}"
15,Baseline,False,219.5126,gaze_sample,"{""target"": ""template-corner""}"
15,Baseline,False,219.5542,head_tracking,"{""input_type"": ""HandTracking"",""h"": ""39.01,1.29,1.36"",""l"": ""0.00,0.00,0.00"",""r"": ""0.00,0.00,0.00""}"
15,Baseline,False,219.6239,gaze_sample,"{""target"": ""template-corner""}"
15,Baseline,False,219.7348,gaze_sample,"{""target"": ""template-corner""}"
15,Baseline,False,219.7626,head_tracking,"{""input_type"": ""HandTracking"",""h"": ""39.01,1.29,1.36"",""l"": ""0.00,0.00,0.00"",""r"": ""0.00,0.00,0.00""}"
15,Baseline,False,219.8472,gaze_sample,"{""target"": ""template-corner""}"
15,Baseline,False,219.957,gaze_sample,"{""target"": ""template-corner""}"
15,Baseline,False,219.9711,head_tracking,"{""input_type"": ""HandTracking"",""h"": ""39.01,1.29,1.37"",""l"": ""0.00,0.00,0.00"",""r"": ""0.00,0.00,0.00""}"
15,Baseline,False,220.0682,gaze_sample,"{""target"": ""template-corner""}"
15,Baseline,False,220.1789,head_tracking,"{""input_type"": ""HandTracking"",""h"": ""39.01,1.29,1.37"",""l"": ""0.00,0.00,0.00"",""r"": ""0.00,0.00,0.00""}"
15,Baseline,False,220.1789,gaze_sample,"{""target"": ""template-corner""}"
15,Baseline,False,220.2902,gaze_sample,"{""target"": ""template-corner""}"
15,Baseline,False,220.3881,head_tracking,"{""input_type"": ""HandTracking"",""h"": ""39.01,1.29,1.38"",""l"": ""0.00,0.00,0.00"",""r"": ""0.00,0.00,0.00""}"
15,Baseline,False,220.4016,gaze_sample,"{""target"": ""template-corner""}"
15,Baseline,False,220.5126,gaze_sample,"{""target"": ""template-corner""}"
15,Baseline,False,220.5959,head_tracking,"{""input_type"": ""HandTracking"",""h"": ""39.02,1.29,1.39"",""l"": ""0.00,0.00,0.00"",""r"": ""0.00,0.00,0.00""}"
15,Baseline,False,220.6238,gaze_sample,"{""target"": ""template-corner""}"
15,Baseline,False,220.7348,gaze_sample,"{""target"": ""template-corner""}"
15,Baseline,False,220.8042,interaction,"{""item"": ""P_R_H Battery (6)"", ""action"": ""grab""}"
15,Baseline,False,220.8042,head_tracking,"{""input_type"": ""HandTracking"",""h"": ""39.02,1.30,1.39"",""l"": ""0.00,0.00,0.00"",""r"": ""0.00,0.00,0.00""}"
15,Baseline,False,220.8462,gaze_sample,"{""target"": ""template-corner""}"
15,Baseline,False,220.9571,gaze_sample,"{""target"": ""template-corner""}"
15,Baseline,False,221.0125,head_tracking,"{""input_type"": ""HandTracking"",""h"": ""39.02,1.30,1.40"",""l"": ""0.00,0.00,0.00"",""r"": ""0.00,0.00,0.00""}"
15,Baseline,False,221.0684,gaze_sample,"{""target"": ""template-wall""}"
15,Baseline,False,221.1794,gaze_sample,"{""target"": ""P_R_H Battery (6)""}"
15,Baseline,False,221.2208,head_tracking,"{""input_type"": ""HandTracking"",""h"": ""39.03,1.31,1.39"",""l"": ""0.00,0.00,0.00"",""r"": ""0.00,0.00,0.00""}"
15,Baseline,False,221.2906,gaze_sample,"{""target"": ""template-wall""}"
15,Baseline,False,221.4013,gaze_sample,"{""target"": ""gate-lasers (1)""}"
15,Baseline,False,221.429,head_tracking,"{""input_type"": ""HandTracking"",""h"": ""39.00,1.32,1.38"",""l"": ""0.00,0.00,0.00"",""r"": ""0.00,0.00,0.00""}"
15,Baseline,False,221.5122,gaze_sample,"{""target"": ""room-large-variation""}"
15,Baseline,False,221.6222,gaze_sample,"{""target"": ""room-large-variation""}"
15,Baseline,False,221.636,head_tracking,"{""input_type"": ""HandTracking"",""h"": ""38.95,1.34,1.42"",""l"": ""0.00,0.00,0.00"",""r"": ""0.00,0.00,0.00""}"
15,Baseline,False,221.7332,gaze_sample,"{""target"": ""P_R_H Battery (6)""}"
15,Baseline,False,221.8441,head_tracking,"{""input_type"": ""HandTracking"",""h"": ""38.95,1.34,1.46"",""l"": ""0.00,0.00,0.00"",""r"": ""0.00,0.00,0.00""}"
15,Baseline,False,221.8441,gaze_sample,"{""target"": ""P_R_H Battery (6)""}"
15,Baseline,False,221.955,gaze_sample,"{""target"": ""P_R_H Battery (6)""}"
15,Baseline,False,222.0524,head_tracking,"{""input_type"": ""HandTracking"",""h"": ""38.95,1.34,1.47"",""l"": ""0.00,0.00,0.00"",""r"": ""0.00,0.00,0.00""}"
15,Baseline,False,222.0662,gaze_sample,"{""target"": ""P_R_H Battery (6)""}"
15,Baseline,False,222.1779,gaze_sample,"{""target"": ""gate-door""}"
15,Baseline,False,222.2603,head_tracking,"{""input_type"": ""HandTracking"",""h"": ""38.95,1.34,1.48"",""l"": ""0.00,0.00,0.00"",""r"": ""0.00,0.00,0.00""}"
15,Baseline,False,222.2891,gaze_sample,"{""target"": ""room-large-variation""}"
15,Baseline,False,222.4001,gaze_sample,"{""target"": ""room-large-variation""}"
15,Baseline,False,222.4695,head_tracking,"{""input_type"": ""HandTracking"",""h"": ""38.96,1.33,1.49"",""l"": ""0.00,0.00,0.00"",""r"": ""0.00,0.00,0.00""}"
15,Baseline,False,222.5107,gaze_sample,"{""target"": ""room-large-variation""}"
15,Baseline,False,222.6224,gaze_sample,"{""target"": ""Sci-fi platform-fbx (2)""}"
15,Baseline,False,222.6776,head_tracking,"{""input_type"": ""HandTracking"",""h"": ""38.97,1.33,1.49"",""l"": ""0.00,0.00,0.00"",""r"": ""0.00,0.00,0.00""}"
15,Baseline,False,222.7333,gaze_sample,"{""target"": ""Sci-fi platform-fbx (2)""}"
15,Baseline,False,222.844,gaze_sample,"{""target"": ""Sci-fi platform-fbx (2)""}"
15,Baseline,False,222.8856,head_tracking,"{""input_type"": ""HandTracking"",""h"": ""38.97,1.33,1.46"",""l"": ""0.00,0.00,0.00"",""r"": ""0.00,0.00,0.00""}"
15,Baseline,False,222.9553,gaze_sample,"{""target"": ""Sci-fi platform-fbx (2)""}"
15,Baseline,False,223.0662,gaze_sample,"{""target"": ""template-wall-detail-a""}"
15,Baseline,False,223.0944,head_tracking,"{""input_type"": ""HandTracking"",""h"": ""38.97,1.33,1.44"",""l"": ""0.00,0.00,0.00"",""r"": ""0.00,0.00,0.00""}"
15,Baseline,False,223.1777,gaze_sample,"{""target"": ""template-wall-detail-a""}"
15,Baseline,False,223.2893,gaze_sample,"{""target"": ""template-wall-detail-a""}"
15,Baseline,False,223.3028,head_tracking,"{""input_type"": ""HandTracking"",""h"": ""38.95,1.33,1.39"",""l"": ""0.00,0.00,0.00"",""r"": ""0.00,0.00,0.00""}"
15,Baseline,False,223.3998,gaze_sample,"{""target"": ""room-large-variation""}"
15,Baseline,False,223.5107,head_tracking,"{""input_type"": ""HandTracking"",""h"": ""38.94,1.34,1.36"",""l"": ""0.00,0.00,0.00"",""r"": ""0.00,0.00,0.00""}"
15,Baseline,False,223.5107,gaze_sample,"{""target"": ""room-large-variation""}"
15,Baseline,False,223.6223,gaze_sample,"{""target"": ""room-large-variation""}"
15,Baseline,False,223.7199,head_tracking,"{""input_type"": ""HandTracking"",""h"": ""38.94,1.34,1.37"",""l"": ""0.00,0.00,0.00"",""r"": ""0.00,0.00,0.00""}"
15,Baseline,False,223.7336,gaze_sample,"{""target"": ""P_R_H Battery (6)""}"
15,Baseline,False,223.8441,gaze_sample,"{""target"": ""P_R_H Battery (6)""}"
15,Baseline,False,223.9277,head_tracking,"{""input_type"": ""HandTracking"",""h"": ""38.95,1.33,1.39"",""l"": ""0.00,0.00,0.00"",""r"": ""0.00,0.00,0.00""}"
15,Baseline,False,223.9559,gaze_sample,"{""target"": ""P_R_H Battery (6)""}"
15,Baseline,False,224.0665,gaze_sample,"{""target"": ""P_R_H Battery (6)""}"
15,Baseline,False,224.136,head_tracking,"{""input_type"": ""HandTracking"",""h"": ""38.93,1.32,1.38"",""l"": ""0.00,0.00,0.00"",""r"": ""0.00,0.00,0.00""}"
15,Baseline,False,224.1775,gaze_sample,"{""target"": ""P_R_H Battery (6)""}"
15,Baseline,False,224.2887,gaze_sample,"{""target"": ""P_R_H Battery (6)""}"
15,Baseline,False,224.3442,head_tracking,"{""input_type"": ""HandTracking"",""h"": ""38.93,1.32,1.38"",""l"": ""0.00,0.00,0.00"",""r"": ""0.00,0.00,0.00""}"
15,Baseline,False,224.4,gaze_sample,"{""target"": ""P_R_H Battery (6)""}"
15,Baseline,False,224.5107,gaze_sample,"{""target"": ""P_R_H Battery (6)""}"
15,Baseline,False,224.5525,head_tracking,"{""input_type"": ""HandTracking"",""h"": ""38.93,1.32,1.38"",""l"": ""0.00,0.00,0.00"",""r"": ""0.00,0.00,0.00""}"
15,Baseline,False,224.6221,gaze_sample,"{""target"": ""P_R_H Battery (6)""}"
15,Baseline,False,224.7332,gaze_sample,"{""target"": ""P_R_H Battery (6)""}"
15,Baseline,False,224.761,head_tracking,"{""input_type"": ""HandTracking"",""h"": ""38.94,1.33,1.39"",""l"": ""0.00,0.00,0.00"",""r"": ""0.00,0.00,0.00""}"
15,Baseline,False,224.8451,gaze_sample,"{""target"": ""P_R_H Battery (6)""}"
15,Baseline,False,224.9557,gaze_sample,"{""target"": ""P_R_H Battery (6)""}"
15,Baseline,False,224.9695,head_tracking,"{""input_type"": ""HandTracking"",""h"": ""38.94,1.33,1.39"",""l"": ""0.00,0.00,0.00"",""r"": ""0.00,0.00,0.00""}"
15,Baseline,False,225.0672,gaze_sample,"{""target"": ""Sci-fi platform-fbx (1)""}"
15,Baseline,False,225.1784,head_tracking,"{""input_type"": ""HandTracking"",""h"": ""37.06,1.33,6.08"",""l"": ""0.00,0.00,0.00"",""r"": ""0.00,0.00,0.00""}"
15,Baseline,False,225.1784,gaze_sample,"{""target"": ""Sci-fi platform-fbx (1)""}"
15,Baseline,False,225.2907,gaze_sample,"{""target"": ""Sci-fi platform-fbx (1)""}"
15,Baseline,False,225.3869,head_tracking,"{""input_type"": ""HandTracking"",""h"": ""37.06,1.33,6.09"",""l"": ""0.00,0.00,0.00"",""r"": ""0.00,0.00,0.00""}"
15,Baseline,False,225.4008,gaze_sample,"{""target"": ""Sci-fi platform-fbx (1)""}"
15,Baseline,False,225.5117,gaze_sample,"{""target"": ""Sci-fi platform-fbx (1)""}"
15,Baseline,False,225.595,head_tracking,"{""input_type"": ""HandTracking"",""h"": ""37.06,1.33,6.09"",""l"": ""0.00,0.00,0.00"",""r"": ""0.00,0.00,0.00""}"
15,Baseline,False,225.623,gaze_sample,"{""target"": ""Sci-fi platform-fbx (1)""}"
15,Baseline,False,225.7341,gaze_sample,"{""target"": ""Sci-fi platform-fbx (1)""}"
15,Baseline,False,225.8034,head_tracking,"{""input_type"": ""HandTracking"",""h"": ""37.06,1.35,6.07"",""l"": ""0.00,0.00,0.00"",""r"": ""0.00,0.00,0.00""}"
15,Baseline,False,225.845,gaze_sample,"{""target"": ""Sci-fi platform-fbx (1)""}"
15,Baseline,False,225.9564,gaze_sample,"{""target"": ""Sci-fi platform-fbx (1)""}"
15,Baseline,False,226.0119,head_tracking,"{""input_type"": ""HandTracking"",""h"": ""37.06,1.36,6.04"",""l"": ""0.00,0.00,0.00"",""r"": ""0.00,0.00,0.00""}"
15,Baseline,False,226.0673,gaze_sample,"{""target"": ""Sci-fi platform-fbx (1)""}"
15,Baseline,False,226.1788,gaze_sample,"{""target"": ""P_R_H Battery (6)""}"
15,Baseline,False,226.2203,head_tracking,"{""input_type"": ""HandTracking"",""h"": ""37.07,1.36,6.01"",""l"": ""0.00,0.00,0.00"",""r"": ""0.00,0.00,0.00""}"
15,Baseline,False,226.2897,gaze_sample,"{""target"": ""P_R_H Battery (6)""}"
15,Baseline,False,226.4007,gaze_sample,"{""target"": ""P_R_H Battery (6)""}"
15,Baseline,False,226.4285,head_tracking,"{""input_type"": ""HandTracking"",""h"": ""37.07,1.36,5.99"",""l"": ""0.00,0.00,0.00"",""r"": ""0.00,0.00,0.00""}"
15,Baseline,False,226.5117,gaze_sample,"{""target"": ""P_R_H Battery (6)""}"
15,Baseline,False,226.6229,gaze_sample,"{""target"": ""P_R_H Battery (6)""}"
15,Baseline,False,226.6369,head_tracking,"{""input_type"": ""HandTracking"",""h"": ""37.08,1.36,5.99"",""l"": ""0.00,0.00,0.00"",""r"": ""0.00,0.00,0.00""}"
15,Baseline,False,226.734,gaze_sample,"{""target"": ""P_R_H Battery (6)""}"
15,Baseline,False,226.8462,head_tracking,"{""input_type"": ""HandTracking"",""h"": ""37.08,1.36,5.99"",""l"": ""0.00,0.00,0.00"",""r"": ""0.00,0.00,0.00""}"
15,Baseline,False,226.8462,gaze_sample,"{""target"": ""P_R_H Battery (6)""}"
15,Baseline,False,226.9562,gaze_sample,"{""target"": ""P_R_H Battery (6)""}"
15,Baseline,False,227.0535,head_tracking,"{""input_type"": ""HandTracking"",""h"": ""37.08,1.36,5.99"",""l"": ""0.00,0.00,0.00"",""r"": ""0.00,0.00,0.00""}"
15,Baseline,False,227.0673,gaze_sample,"{""target"": ""P_R_H Battery (6)""}"
15,Baseline,False,227.1785,gaze_sample,"{""target"": ""P_R_H Battery (6)""}"
15,Baseline,False,227.2617,head_tracking,"{""input_type"": ""HandTracking"",""h"": ""37.08,1.36,6.00"",""l"": ""0.00,0.00,0.00"",""r"": ""0.00,0.00,0.00""}"
15,Baseline,False,227.2896,gaze_sample,"{""target"": ""P_R_H Battery (6)""}"
15,Baseline,False,227.4005,gaze_sample,"{""target"": ""P_R_H Battery (6)""}"
15,Baseline,False,227.47,head_tracking,"{""input_type"": ""HandTracking"",""h"": ""37.08,1.36,6.00"",""l"": ""0.00,0.00,0.00"",""r"": ""0.00,0.00,0.00""}"
15,Baseline,False,227.5126,gaze_sample,"{""target"": ""P_R_H Battery (6)""}"
15,Baseline,False,227.6228,gaze_sample,"{""target"": ""P_R_H Battery (6)""}"
15,Baseline,False,227.6784,head_tracking,"{""input_type"": ""HandTracking"",""h"": ""37.07,1.36,6.01"",""l"": ""0.00,0.00,0.00"",""r"": ""0.00,0.00,0.00""}"
15,Baseline,False,227.7338,gaze_sample,"{""target"": ""P_R_H Battery (6)""}"
15,Baseline,False,227.8449,gaze_sample,"{""target"": ""P_R_H Battery (6)""}"
15,Baseline,False,227.8867,head_tracking,"{""input_type"": ""HandTracking"",""h"": ""37.07,1.36,6.01"",""l"": ""0.00,0.00,0.00"",""r"": ""0.00,0.00,0.00""}"
15,Baseline,False,227.9422,gate_opened,"{""gate"": ""gate-lasers""}"
15,Baseline,False,227.9422,battery_sorted,"{""total"": 4}"
15,Baseline,False,227.9561,gaze_sample,"{""target"": ""P_R_H Battery (6)""}"
15,Baseline,False,228.0674,gaze_sample,"{""target"": ""P_R_H Battery (6)""}"
15,Baseline,False,228.095,head_tracking,"{""input_type"": ""HandTracking"",""h"": ""37.08,1.37,6.01"",""l"": ""0.00,0.00,0.00"",""r"": ""0.00,0.00,0.00""}"
15,Baseline,False,228.1786,gaze_sample,"{""target"": ""P_R_H Battery (6)""}"
15,Baseline,False,228.2895,gaze_sample,"{""target"": ""P_R_H Battery (6)""}"
15,Baseline,False,228.3035,head_tracking,"{""input_type"": ""HandTracking"",""h"": ""37.08,1.37,6.01"",""l"": ""0.00,0.00,0.00"",""r"": ""0.00,0.00,0.00""}"
15,Baseline,False,228.4007,gaze_sample,"{""target"": ""P_R_H Battery (6)""}"
15,Baseline,False,228.5117,head_tracking,"{""input_type"": ""HandTracking"",""h"": ""37.06,1.36,6.00"",""l"": ""0.00,0.00,0.00"",""r"": ""0.00,0.00,0.00""}"
15,Baseline,False,228.5117,gaze_sample,"{""target"": ""Sci-fi platform-fbx (1)""}"
15,Baseline,False,228.6228,gaze_sample,"{""target"": ""room-large-variation""}"
15,Baseline,False,228.7206,head_tracking,"{""input_type"": ""HandTracking"",""h"": ""37.04,1.36,6.00"",""l"": ""0.00,0.00,0.00"",""r"": ""0.00,0.00,0.00""}"
15,Baseline,False,228.7334,gaze_sample,"{""target"": ""room-large-variation""}"
15,Baseline,False,228.8444,gaze_sample,"{""target"": ""room-large-variation""}"
15,Baseline,False,228.9278,head_tracking,"{""input_type"": ""HandTracking"",""h"": ""37.04,1.36,6.00"",""l"": ""0.00,0.00,0.00"",""r"": ""0.00,0.00,0.00""}"
15,Baseline,False,228.9556,gaze_sample,"{""target"": ""template-wall-detail-a""}"
15,Baseline,False,229.0668,gaze_sample,"{""target"": ""Sci-fi platform-fbx (2)""}"
15,Baseline,False,229.1364,head_tracking,"{""input_type"": ""HandTracking"",""h"": ""37.05,1.35,5.99"",""l"": ""0.00,0.00,0.00"",""r"": ""0.00,0.00,0.00""}"
15,Baseline,False,229.178,gaze_sample,"{""target"": ""room-large-variation""}"
15,Baseline,False,229.2894,gaze_sample,"{""target"": ""Sci-fi platform-fbx (3)""}"
15,Baseline,False,229.3446,head_tracking,"{""input_type"": ""HandTracking"",""h"": ""37.06,1.35,5.98"",""l"": ""0.00,0.00,0.00"",""r"": ""0.00,0.00,0.00""}"
15,Baseline,False,229.4008,gaze_sample,"{""target"": ""room-large-variation""}"
15,Baseline,False,229.511,gaze_sample,"{""target"": ""room-large-variation""}"
15,Baseline,False,229.5525,head_tracking,"{""input_type"": ""HandTracking"",""h"": ""37.07,1.34,5.98"",""l"": ""0.00,0.00,0.00"",""r"": ""0.00,0.00,0.00""}"
15,Baseline,False,229.6222,gaze_sample,"{""target"": ""gate-door""}"
15,Baseline,False,229.7325,gaze_sample,"{""target"": ""room-large-variation""}"
15,Baseline,False,229.7603,head_tracking,"{""input_type"": ""HandTracking"",""h"": ""37.07,1.34,5.96"",""l"": ""0.00,0.00,0.00"",""r"": ""0.00,0.00,0.00""}"
15,Baseline,False,229.9554,gaze_sample,"{""target"": ""Sci-fi platform-fbx (6)""}"
15,Baseline,False,229.9687,head_tracking,"{""input_type"": ""HandTracking"",""h"": ""37.07,1.32,5.96"",""l"": ""0.00,0.00,0.00"",""r"": ""0.00,0.00,0.00""}"
15,Baseline,False,230.0655,gaze_sample,"{""target"": ""room-large-variation""}"
15,Baseline,False,230.177,head_tracking,"{""input_type"": ""HandTracking"",""h"": ""37.05,1.32,5.99"",""l"": ""0.00,0.00,0.00"",""r"": ""0.00,0.00,0.00""}"
15,Baseline,False,230.177,gaze_sample,"{""target"": ""Sci-fi platform-fbx (6)""}"
15,Baseline,False,230.288,gaze_sample,"{""target"": ""Sci-fi platform-fbx (6)""}"
15,Baseline,False,230.385,head_tracking,"{""input_type"": ""HandTracking"",""h"": ""37.04,1.32,6.00"",""l"": ""0.00,0.00,0.00"",""r"": ""0.00,0.00,0.00""}"
15,Baseline,False,230.3996,gaze_sample,"{""target"": ""Sci-fi platform-fbx (6)""}"
15,Baseline,False,230.51,gaze_sample,"{""target"": ""Sci-fi platform-fbx (6)""}"
15,Baseline,False,230.5936,head_tracking,"{""input_type"": ""HandTracking"",""h"": ""37.04,1.32,6.01"",""l"": ""0.00,0.00,0.00"",""r"": ""0.00,0.00,0.00""}"
15,Baseline,False,230.6213,gaze_sample,"{""target"": ""room-large-variation""}"
15,Baseline,False,230.7324,gaze_sample,"{""target"": ""room-large-variation""}"
15,Baseline,False,230.8019,head_tracking,"{""input_type"": ""HandTracking"",""h"": ""37.05,1.32,6.00"",""l"": ""0.00,0.00,0.00"",""r"": ""0.00,0.00,0.00""}"
15,Baseline,False,230.8436,gaze_sample,"{""target"": ""room-large-variation""}"
15,Baseline,False,230.9547,gaze_sample,"{""target"": ""room-large-variation""}"
15,Baseline,False,231.0106,head_tracking,"{""input_type"": ""HandTracking"",""h"": ""37.06,1.32,6.01"",""l"": ""0.00,0.00,0.00"",""r"": ""0.00,0.00,0.00""}"
15,Baseline,False,231.0659,gaze_sample,"{""target"": ""room-large-variation""}"
15,Baseline,False,231.1771,gaze_sample,"{""target"": ""room-large-variation""}"
15,Baseline,False,231.2187,head_tracking,"{""input_type"": ""HandTracking"",""h"": ""37.06,1.32,6.00"",""l"": ""0.00,0.00,0.00"",""r"": ""0.00,0.00,0.00""}"
15,Baseline,False,231.2888,gaze_sample,"{""target"": ""room-large-variation""}"
15,Baseline,False,231.399,gaze_sample,"{""target"": ""room-large-variation""}"
15,Baseline,False,231.427,head_tracking,"{""input_type"": ""HandTracking"",""h"": ""37.07,1.31,6.01"",""l"": ""0.00,0.00,0.00"",""r"": ""0.00,0.00,0.00""}"
15,Baseline,False,231.5103,gaze_sample,"{""target"": ""Cube""}"
15,Baseline,False,231.6217,gaze_sample,"{""target"": ""Cube""}"
15,Baseline,False,231.6351,head_tracking,"{""input_type"": ""HandTracking"",""h"": ""37.05,1.30,6.04"",""l"": ""0.00,0.00,0.00"",""r"": ""0.00,0.00,0.00""}"
15,Baseline,False,231.7321,gaze_sample,"{""target"": ""Cube""}"
15,Baseline,False,231.8433,head_tracking,"{""input_type"": ""HandTracking"",""h"": ""37.06,1.30,6.05"",""l"": ""0.00,0.00,0.00"",""r"": ""0.00,0.00,0.00""}"
15,Baseline,False,231.8433,gaze_sample,"{""target"": ""room-large-variation""}"
15,Baseline,False,231.9545,gaze_sample,"{""target"": ""Cube""}"
15,Baseline,False,232.0517,head_tracking,"{""input_type"": ""HandTracking"",""h"": ""37.07,1.32,6.02"",""l"": ""0.00,0.00,0.00"",""r"": ""0.00,0.00,0.00""}"
15,Baseline,False,232.0656,gaze_sample,"{""target"": ""room-large-variation""}"
15,Baseline,False,232.1768,gaze_sample,"{""target"": ""room-large-variation""}"
15,Baseline,False,232.2604,head_tracking,"{""input_type"": ""HandTracking"",""h"": ""37.07,1.32,6.01"",""l"": ""0.00,0.00,0.00"",""r"": ""0.00,0.00,0.00""}"
15,Baseline,False,232.2878,gaze_sample,"{""target"": ""room-large-variation""}"
15,Baseline,False,232.3992,gaze_sample,"{""target"": ""room-large-variation""}"
15,Baseline,False,232.4685,head_tracking,"{""input_type"": ""HandTracking"",""h"": ""37.07,1.32,6.00"",""l"": ""0.00,0.00,0.00"",""r"": ""0.00,0.00,0.00""}"
15,Baseline,False,232.51,gaze_sample,"{""target"": ""room-large-variation""}"
15,Baseline,False,232.6211,gaze_sample,"{""target"": ""room-large-variation""}"
15,Baseline,False,232.6773,head_tracking,"{""input_type"": ""HandTracking"",""h"": ""37.07,1.32,6.00"",""l"": ""0.00,0.00,0.00"",""r"": ""0.00,0.00,0.00""}"
15,Baseline,False,232.7323,gaze_sample,"{""target"": ""room-large-variation""}"
15,Baseline,False,232.8432,gaze_sample,"{""target"": ""room-large-variation""}"
15,Baseline,False,232.8853,head_tracking,"{""input_type"": ""HandTracking"",""h"": ""37.07,1.32,6.00"",""l"": ""0.00,0.00,0.00"",""r"": ""0.00,0.00,0.00""}"
15,Baseline,False,232.9544,gaze_sample,"{""target"": ""room-large-variation""}"
15,Baseline,False,233.0657,gaze_sample,"{""target"": ""room-large-variation""}"
15,Baseline,False,233.0935,head_tracking,"{""input_type"": ""HandTracking"",""h"": ""37.07,1.32,6.00"",""l"": ""0.00,0.00,0.00"",""r"": ""0.00,0.00,0.00""}"
15,Baseline,False,233.1768,gaze_sample,"{""target"": ""room-large-variation""}"
15,Baseline,False,233.2879,gaze_sample,"{""target"": ""room-large-variation""}"
15,Baseline,False,233.3019,head_tracking,"{""input_type"": ""HandTracking"",""h"": ""37.07,1.32,6.00"",""l"": ""0.00,0.00,0.00"",""r"": ""0.00,0.00,0.00""}"
15,Baseline,False,233.3995,gaze_sample,"{""target"": ""room-large-variation""}"
15,Baseline,False,233.5102,head_tracking,"{""input_type"": ""HandTracking"",""h"": ""37.07,1.32,6.00"",""l"": ""0.00,0.00,0.00"",""r"": ""0.00,0.00,0.00""}"
15,Baseline,False,233.5102,gaze_sample,"{""target"": ""room-large-variation""}"
15,Baseline,False,233.6211,gaze_sample,"{""target"": ""room-large-variation""}"
15,Baseline,False,233.7189,head_tracking,"{""input_type"": ""HandTracking"",""h"": ""37.07,1.32,6.00"",""l"": ""0.00,0.00,0.00"",""r"": ""0.00,0.00,0.00""}"
15,Baseline,False,233.7328,gaze_sample,"{""target"": ""room-large-variation""}"
15,Baseline,False,233.843,gaze_sample,"{""target"": ""room-large-variation""}"
15,Baseline,False,233.9266,head_tracking,"{""input_type"": ""HandTracking"",""h"": ""37.07,1.32,6.00"",""l"": ""0.00,0.00,0.00"",""r"": ""0.00,0.00,0.00""}"
15,Baseline,False,233.9547,gaze_sample,"{""target"": ""room-large-variation""}"
15,Baseline,False,234.0656,gaze_sample,"{""target"": ""Cube""}"
15,Baseline,False,234.1353,head_tracking,"{""input_type"": ""HandTracking"",""h"": ""37.07,1.30,6.00"",""l"": ""0.00,0.00,0.00"",""r"": ""0.00,0.00,0.00""}"
15,Baseline,False,234.1769,gaze_sample,"{""target"": ""Cube""}"
15,Baseline,False,234.2876,gaze_sample,"{""target"": ""Cube""}"
15,Baseline,False,234.3432,head_tracking,"{""input_type"": ""HandTracking"",""h"": ""37.07,1.30,6.00"",""l"": ""0.00,0.00,0.00"",""r"": ""0.00,0.00,0.00""}"
15,Baseline,False,234.3987,gaze_sample,"{""target"": ""Cube""}"
15,Baseline,False,234.5098,gaze_sample,"{""target"": ""Cube""}"
15,Baseline,False,234.5514,head_tracking,"{""input_type"": ""HandTracking"",""h"": ""37.07,1.31,6.00"",""l"": ""0.00,0.00,0.00"",""r"": ""0.00,0.00,0.00""}"
15,Baseline,False,234.6209,gaze_sample,"{""target"": ""room-large-variation""}"
15,Baseline,False,234.7337,gaze_sample,"{""target"": ""room-large-variation""}"
15,Baseline,False,234.7597,head_tracking,"{""input_type"": ""HandTracking"",""h"": ""37.07,1.32,6.00"",""l"": ""0.00,0.00,0.00"",""r"": ""0.00,0.00,0.00""}"
15,Baseline,False,234.8432,gaze_sample,"{""target"": ""room-large-variation""}"
15,Baseline,False,234.9543,gaze_sample,"{""target"": ""room-large-variation""}"
15,Baseline,False,234.9684,head_tracking,"{""input_type"": ""HandTracking"",""h"": ""37.07,1.32,6.00"",""l"": ""0.00,0.00,0.00"",""r"": ""0.00,0.00,0.00""}"
15,Baseline,False,235.0652,gaze_sample,"{""target"": ""room-large-variation""}"
15,Baseline,False,235.1765,head_tracking,"{""input_type"": ""HandTracking"",""h"": ""37.07,1.32,6.01"",""l"": ""0.00,0.00,0.00"",""r"": ""0.00,0.00,0.00""}"
15,Baseline,False,235.1765,gaze_sample,"{""target"": ""room-large-variation""}"
15,Baseline,False,235.2878,gaze_sample,"{""target"": ""room-large-variation""}"
15,Baseline,False,235.3848,head_tracking,"{""input_type"": ""HandTracking"",""h"": ""37.07,1.32,6.01"",""l"": ""0.00,0.00,0.00"",""r"": ""0.00,0.00,0.00""}"
15,Baseline,False,235.3987,gaze_sample,"{""target"": ""room-large-variation""}"
15,Baseline,False,235.5097,gaze_sample,"{""target"": ""room-large-variation""}"
15,Baseline,False,235.593,head_tracking,"{""input_type"": ""HandTracking"",""h"": ""37.07,1.32,6.00"",""l"": ""0.00,0.00,0.00"",""r"": ""0.00,0.00,0.00""}"
15,Baseline,False,235.6207,gaze_sample,"{""target"": ""room-large-variation""}"
15,Baseline,False,235.7319,gaze_sample,"{""target"": ""room-large-variation""}"
15,Baseline,False,235.8013,head_tracking,"{""input_type"": ""HandTracking"",""h"": ""37.07,1.32,6.00"",""l"": ""0.00,0.00,0.00"",""r"": ""0.00,0.00,0.00""}"
15,Baseline,False,235.8428,gaze_sample,"{""target"": ""room-large-variation""}"
15,Baseline,False,235.9539,gaze_sample,"{""target"": ""room-large-variation""}"
15,Baseline,False,236.0095,head_tracking,"{""input_type"": ""HandTracking"",""h"": ""37.07,1.32,6.00"",""l"": ""0.00,0.00,0.00"",""r"": ""0.00,0.00,0.00""}"
15,Baseline,False,236.0652,gaze_sample,"{""target"": ""room-large-variation""}"
15,Baseline,False,236.1764,gaze_sample,"{""target"": ""room-large-variation""}"
15,Baseline,False,236.2182,head_tracking,"{""input_type"": ""HandTracking"",""h"": ""37.07,1.32,6.00"",""l"": ""0.00,0.00,0.00"",""r"": ""0.00,0.00,0.00""}"
15,Baseline,False,236.2874,gaze_sample,"{""target"": ""Sci-fi platform-fbx (6)""}"
15,Baseline,False,236.3988,gaze_sample,"{""target"": ""Sci-fi platform-fbx (6)""}"
15,Baseline,False,236.4267,head_tracking,"{""input_type"": ""HandTracking"",""h"": ""31.19,1.32,-0.89"",""l"": ""0.00,0.00,0.00"",""r"": ""0.00,0.00,0.00""}"
15,Baseline,False,236.51,gaze_sample,"{""target"": ""Sci-fi platform-fbx (6)""}"
15,Baseline,False,236.6214,gaze_sample,"{""target"": ""Sci-fi platform-fbx (6)""}"
15,Baseline,False,236.6354,head_tracking,"{""input_type"": ""HandTracking"",""h"": ""31.19,1.32,-0.89"",""l"": ""0.00,0.00,0.00"",""r"": ""0.00,0.00,0.00""}"
15,Baseline,False,236.7325,gaze_sample,"{""target"": ""Sci-fi platform-fbx (6)""}"
15,Baseline,False,236.8437,head_tracking,"{""input_type"": ""HandTracking"",""h"": ""31.19,1.33,-0.89"",""l"": ""0.00,0.00,0.00"",""r"": ""0.00,0.00,0.00""}"
15,Baseline,False,236.8437,gaze_sample,"{""target"": ""Sci-fi platform-fbx (6)""}"
15,Baseline,False,236.9548,gaze_sample,"{""target"": ""Sci-fi platform-fbx (6)""}"
15,Baseline,False,237.052,head_tracking,"{""input_type"": ""HandTracking"",""h"": ""31.18,1.33,-0.89"",""l"": ""0.00,0.00,0.00"",""r"": ""0.00,0.00,0.00""}"
15,Baseline,False,237.0658,gaze_sample,"{""target"": ""gate-lasers""}"
15,Baseline,False,237.1768,gaze_sample,"{""target"": ""room-large-variation""}"
15,Baseline,False,237.2619,head_tracking,"{""input_type"": ""HandTracking"",""h"": ""31.15,1.33,-0.87"",""l"": ""0.00,0.00,0.00"",""r"": ""0.00,0.00,0.00""}"
15,Baseline,False,237.2882,gaze_sample,"{""target"": ""room-large-variation""}"
15,Baseline,False,237.4001,gaze_sample,"{""target"": ""room-large-variation""}"
15,Baseline,False,237.4696,head_tracking,"{""input_type"": ""HandTracking"",""h"": ""31.14,1.33,-0.85"",""l"": ""0.00,0.00,0.00"",""r"": ""0.00,0.00,0.00""}"
15,Baseline,False,237.5113,gaze_sample,"{""target"": ""room-large-variation""}"
15,Baseline,False,237.6233,gaze_sample,"{""target"": ""room-large-variation""}"
15,Baseline,False,237.6783,head_tracking,"{""input_type"": ""HandTracking"",""h"": ""31.14,1.34,-0.83"",""l"": ""0.00,0.00,0.00"",""r"": ""0.00,0.00,0.00""}"
15,Baseline,False,237.7333,gaze_sample,"{""target"": ""room-large-variation""}"
15,Baseline,False,237.8866,head_tracking,"{""input_type"": ""HandTracking"",""h"": ""31.14,1.34,-0.82"",""l"": ""0.00,0.00,0.00"",""r"": ""0.00,0.00,0.00""}"
15,Baseline,False,238.0672,gaze_sample,"{""target"": ""gate-door""}"
15,Baseline,False,238.0951,head_tracking,"{""input_type"": ""HandTracking"",""h"": ""31.16,1.34,-0.80"",""l"": ""0.00,0.00,0.00"",""r"": ""0.00,0.00,0.00""}"
15,Baseline,False,238.1785,gaze_sample,"{""target"": ""room-large-variation""}"
15,Baseline,False,238.2893,gaze_sample,"{""target"": ""room-large-variation""}"
15,Baseline,False,238.303,head_tracking,"{""input_type"": ""HandTracking"",""h"": ""31.18,1.34,-0.79"",""l"": ""0.00,0.00,0.00"",""r"": ""0.00,0.00,0.00""}"
15,Baseline,False,238.4003,gaze_sample,"{""target"": ""room-large-variation""}"
15,Baseline,False,238.511,head_tracking,"{""input_type"": ""HandTracking"",""h"": ""31.19,1.34,-0.79"",""l"": ""0.00,0.00,0.00"",""r"": ""0.00,0.00,0.00""}"
15,Baseline,False,238.511,gaze_sample,"{""target"": ""Sci-fi platform-fbx (3)""}"
15,Baseline,False,238.6223,gaze_sample,"{""target"": ""Sci-fi platform-fbx (3)""}"
15,Baseline,False,238.7194,head_tracking,"{""input_type"": ""HandTracking"",""h"": ""31.21,1.34,-0.78"",""l"": ""0.00,0.00,0.00"",""r"": ""0.00,0.00,0.00""}"
15,Baseline,False,238.7331,gaze_sample,"{""target"": ""Sci-fi platform-fbx (3)""}"
15,Baseline,False,238.8443,gaze_sample,"{""target"": ""room-large-variation""}"
15,Baseline,False,238.9277,head_tracking,"{""input_type"": ""HandTracking"",""h"": ""31.23,1.34,-0.77"",""l"": ""0.00,0.00,0.00"",""r"": ""0.00,0.00,0.00""}"
15,Baseline,False,238.9556,gaze_sample,"{""target"": ""room-large-variation""}"
15,Baseline,False,239.0663,gaze_sample,"{""target"": ""room-large-variation""}"
15,Baseline,False,239.1358,head_tracking,"{""input_type"": ""HandTracking"",""h"": ""31.23,1.34,-0.76"",""l"": ""0.00,0.00,0.00"",""r"": ""0.00,0.00,0.00""}"
15,Baseline,False,239.1777,gaze_sample,"{""target"": ""room-large-variation""}"
15,Baseline,False,239.2886,gaze_sample,"{""target"": ""room-large-variation""}"
15,Baseline,False,239.3445,head_tracking,"{""input_type"": ""HandTracking"",""h"": ""31.22,1.34,-0.77"",""l"": ""0.00,0.00,0.00"",""r"": ""0.00,0.00,0.00""}"
15,Baseline,False,239.4,gaze_sample,"{""target"": ""room-large-variation""}"
15,Baseline,False,239.5111,gaze_sample,"{""target"": ""Sci-fi platform-fbx (3)""}"
15,Baseline,False,239.5527,head_tracking,"{""input_type"": ""HandTracking"",""h"": ""31.20,1.34,-0.79"",""l"": ""0.00,0.00,0.00"",""r"": ""0.00,0.00,0.00""}"
15,Baseline,False,239.6221,gaze_sample,"{""target"": ""room-large-variation""}"
15,Baseline,False,239.7334,gaze_sample,"{""target"": ""room-large-variation""}"
15,Baseline,False,239.7612,head_tracking,"{""input_type"": ""HandTracking"",""h"": ""31.18,1.34,-0.81"",""l"": ""0.00,0.00,0.00"",""r"": ""0.00,0.00,0.00""}"
15,Baseline,False,239.8448,gaze_sample,"{""target"": ""gate-door""}"
15,Baseline,False,239.9697,head_tracking,"{""input_type"": ""HandTracking"",""h"": ""31.18,1.34,-0.83"",""l"": ""0.00,0.00,0.00"",""r"": ""0.00,0.00,0.00""}"
15,Baseline,False,240.0671,gaze_sample,"{""target"": ""gate-door""}"
15,Baseline,False,240.1782,head_tracking,"{""input_type"": ""HandTracking"",""h"": ""31.17,1.34,-0.85"",""l"": ""0.00,0.00,0.00"",""r"": ""0.00,0.00,0.00""}"
15,Baseline,False,240.1782,gaze_sample,"{""target"": ""room-large-variation""}"
15,Baseline,False,240.2892,gaze_sample,"{""target"": ""room-large-variation""}"
15,Baseline,False,240.3863,head_tracking,"{""input_type"": ""HandTracking"",""h"": ""31.18,1.34,-0.87"",""l"": ""0.00,0.00,0.00"",""r"": ""0.00,0.00,0.00""}"
15,Baseline,False,240.3999,gaze_sample,"{""target"": ""room-large-variation""}"
15,Baseline,False,240.5112,gaze_sample,"{""target"": ""room-large-variation""}"
15,Baseline,False,240.5942,head_tracking,"{""input_type"": ""HandTracking"",""h"": ""31.19,1.34,-0.87"",""l"": ""0.00,0.00,0.00"",""r"": ""0.00,0.00,0.00""}"
15,Baseline,False,240.6219,gaze_sample,"{""target"": ""room-large-variation""}"
15,Baseline,False,240.7329,gaze_sample,"{""target"": ""room-large-variation""}"
15,Baseline,False,240.8025,head_tracking,"{""input_type"": ""HandTracking"",""h"": ""31.20,1.33,-0.88"",""l"": ""0.00,0.00,0.00"",""r"": ""0.00,0.00,0.00""}"
15,Baseline,False,240.8438,gaze_sample,"{""target"": ""room-large-variation""}"
15,Baseline,False,240.9549,gaze_sample,"{""target"": ""room-large-variation""}"
15,Baseline,False,241.0104,head_tracking,"{""input_type"": ""HandTracking"",""h"": ""31.20,1.33,-0.87"",""l"": ""0.00,0.00,0.00"",""r"": ""0.00,0.00,0.00""}"
15,Baseline,False,241.0659,gaze_sample,"{""target"": ""room-large-variation""}"
15,Baseline,False,241.1772,gaze_sample,"{""target"": ""room-large-variation""}"
15,Baseline,False,241.2191,head_tracking,"{""input_type"": ""HandTracking"",""h"": ""31.17,1.32,-0.84"",""l"": ""0.00,0.00,0.00"",""r"": ""0.00,0.00,0.00""}"
15,Baseline,False,241.2895,gaze_sample,"{""target"": ""room-large-variation""}"
15,Baseline,False,241.4003,gaze_sample,"{""target"": ""Cube""}"
15,Baseline,False,241.4278,head_tracking,"{""input_type"": ""HandTracking"",""h"": ""31.16,1.32,-0.79"",""l"": ""0.00,0.00,0.00"",""r"": ""0.00,0.00,0.00""}"
15,Baseline,False,241.5107,gaze_sample,"{""target"": ""Cube""}"
15,Baseline,False,241.6222,gaze_sample,"{""target"": ""room-large-variation""}"
15,Baseline,False,241.6362,head_tracking,"{""input_type"": ""HandTracking"",""h"": ""31.17,1.32,-0.76"",""l"": ""0.00,0.00,0.00"",""r"": ""0.00,0.00,0.00""}"
15,Baseline,False,241.7337,gaze_sample,"{""target"": ""room-large-variation""}"
15,Baseline,False,241.8446,head_tracking,"{""input_type"": ""HandTracking"",""h"": ""31.18,1.32,-0.77"",""l"": ""0.00,0.00,0.00"",""r"": ""0.00,0.00,0.00""}"
15,Baseline,False,241.8446,gaze_sample,"{""target"": ""Cube""}"
15,Baseline,False,241.9554,gaze_sample,"{""target"": ""Cube""}"
15,Baseline,False,242.0527,head_tracking,"{""input_type"": ""HandTracking"",""h"": ""31.17,1.32,-0.80"",""l"": ""0.00,0.00,0.00"",""r"": ""0.00,0.00,0.00""}"
15,Baseline,False,242.0665,gaze_sample,"{""target"": ""Cube""}"
15,Baseline,False,242.1778,gaze_sample,"{""target"": ""Cube""}"
15,Baseline,False,242.261,head_tracking,"{""input_type"": ""HandTracking"",""h"": ""31.17,1.32,-0.81"",""l"": ""0.00,0.00,0.00"",""r"": ""0.00,0.00,0.00""}"
15,Baseline,False,242.2888,gaze_sample,"{""target"": ""Cube""}"
15,Baseline,False,242.4,gaze_sample,"{""target"": ""Cube""}"
15,Baseline,False,242.4695,head_tracking,"{""input_type"": ""HandTracking"",""h"": ""31.16,1.32,-0.81"",""l"": ""0.00,0.00,0.00"",""r"": ""0.00,0.00,0.00""}"
15,Baseline,False,242.5109,gaze_sample,"{""target"": ""Cube""}"
15,Baseline,False,242.6224,gaze_sample,"{""target"": ""Cube""}"
15,Baseline,False,242.6779,head_tracking,"{""input_type"": ""HandTracking"",""h"": ""31.17,1.32,-0.81"",""l"": ""0.00,0.00,0.00"",""r"": ""0.00,0.00,0.00""}"
15,Baseline,False,242.7331,gaze_sample,"{""target"": ""Cube""}"
15,Baseline,False,242.8443,gaze_sample,"{""target"": ""Cube""}"
15,Baseline,False,242.886,head_tracking,"{""input_type"": ""HandTracking"",""h"": ""31.17,1.32,-0.81"",""l"": ""0.00,0.00,0.00"",""r"": ""0.00,0.00,0.00""}"
15,Baseline,False,242.9559,gaze_sample,"{""target"": ""Cube""}"
15,Baseline,False,243.0664,gaze_sample,"{""target"": ""Cube""}"
15,Baseline,False,243.0945,head_tracking,"{""input_type"": ""HandTracking"",""h"": ""31.17,1.32,-0.81"",""l"": ""0.00,0.00,0.00"",""r"": ""0.00,0.00,0.00""}"
15,Baseline,False,243.1777,gaze_sample,"{""target"": ""Cube""}"
15,Baseline,False,243.2888,gaze_sample,"{""target"": ""Cube""}"
15,Baseline,False,243.3029,head_tracking,"{""input_type"": ""HandTracking"",""h"": ""31.18,1.32,-0.81"",""l"": ""0.00,0.00,0.00"",""r"": ""0.00,0.00,0.00""}"
15,Baseline,False,243.3999,gaze_sample,"{""target"": ""Cube""}"
15,Baseline,False,243.5111,head_tracking,"{""input_type"": ""HandTracking"",""h"": ""31.18,1.32,-0.81"",""l"": ""0.00,0.00,0.00"",""r"": ""0.00,0.00,0.00""}"
15,Baseline,False,243.5111,gaze_sample,"{""target"": ""Cube""}"
15,Baseline,False,243.6226,gaze_sample,"{""target"": ""Cube""}"
15,Baseline,False,243.7196,head_tracking,"{""input_type"": ""HandTracking"",""h"": ""31.18,1.32,-0.81"",""l"": ""0.00,0.00,0.00"",""r"": ""0.00,0.00,0.00""}"
15,Baseline,False,243.7334,gaze_sample,"{""target"": ""Cube""}"
15,Baseline,False,243.8444,gaze_sample,"{""target"": ""Cube""}"
15,Baseline,False,243.9279,head_tracking,"{""input_type"": ""HandTracking"",""h"": ""31.17,1.32,-0.83"",""l"": ""0.00,0.00,0.00"",""r"": ""0.00,0.00,0.00""}"
15,Baseline,False,243.9556,gaze_sample,"{""target"": ""Cube""}"
15,Baseline,False,244.0665,gaze_sample,"{""target"": ""room-large-variation""}"
15,Baseline,False,244.1359,head_tracking,"{""input_type"": ""HandTracking"",""h"": ""31.18,1.32,-0.86"",""l"": ""0.00,0.00,0.00"",""r"": ""0.00,0.00,0.00""}"
15,Baseline,False,244.1777,gaze_sample,"{""target"": ""room-large-variation""}"
15,Baseline,False,244.2884,gaze_sample,"{""target"": ""room-large-variation""}"
15,Baseline,False,244.3438,head_tracking,"{""input_type"": ""HandTracking"",""h"": ""31.19,1.33,-0.87"",""l"": ""0.00,0.00,0.00"",""r"": ""0.00,0.00,0.00""}"
15,Baseline,False,244.3992,gaze_sample,"{""target"": ""room-large-variation""}"
15,Baseline,False,244.5101,gaze_sample,"{""target"": ""Sci-fi platform-fbx (6)""}"
15,Baseline,False,244.5515,head_tracking,"{""input_type"": ""HandTracking"",""h"": ""31.19,1.33,-0.87"",""l"": ""0.00,0.00,0.00"",""r"": ""0.00,0.00,0.00""}"
15,Baseline,False,244.6214,gaze_sample,"{""target"": ""Sci-fi platform-fbx (6)""}"
15,Baseline,False,244.7323,gaze_sample,"{""target"": ""Sci-fi platform-fbx (6)""}"
15,Baseline,False,244.7599,head_tracking,"{""input_type"": ""HandTracking"",""h"": ""31.19,1.32,-0.86"",""l"": ""0.00,0.00,0.00"",""r"": ""0.00,0.00,0.00""}"
15,Baseline,False,244.8433,gaze_sample,"{""target"": ""Sci-fi platform-fbx (6)""}"
15,Baseline,False,244.9545,gaze_sample,"{""target"": ""Sci-fi platform-fbx (6)""}"
15,Baseline,False,244.9683,head_tracking,"{""input_type"": ""HandTracking"",""h"": ""31.18,1.32,-0.86"",""l"": ""0.00,0.00,0.00"",""r"": ""0.00,0.00,0.00""}"
15,Baseline,False,245.0656,gaze_sample,"{""target"": ""Sci-fi platform-fbx (6)""}"
15,Baseline,False,245.1767,head_tracking,"{""input_type"": ""HandTracking"",""h"": ""31.18,1.32,-0.87"",""l"": ""0.00,0.00,0.00"",""r"": ""0.00,0.00,0.00""}"
15,Baseline,False,245.1767,gaze_sample,"{""target"": ""Sci-fi platform-fbx (6)""}"
15,Baseline,False,245.2885,gaze_sample,"{""target"": ""Sci-fi platform-fbx (6)""}"
15,Baseline,False,245.3849,head_tracking,"{""input_type"": ""HandTracking"",""h"": ""31.18,1.32,-0.87"",""l"": ""0.00,0.00,0.00"",""r"": ""0.00,0.00,0.00""}"
15,Baseline,False,245.3988,gaze_sample,"{""target"": ""Sci-fi platform-fbx (6)""}"
15,Baseline,False,245.5098,gaze_sample,"{""target"": ""Sci-fi platform-fbx (6)""}"
15,Baseline,False,245.5932,head_tracking,"{""input_type"": ""HandTracking"",""h"": ""31.18,1.32,-0.87"",""l"": ""0.00,0.00,0.00"",""r"": ""0.00,0.00,0.00""}"
15,Baseline,False,245.6208,gaze_sample,"{""target"": ""gate-lasers""}"
15,Baseline,False,245.7318,gaze_sample,"{""target"": ""Sci-fi platform-fbx (6)""}"
15,Baseline,False,245.8011,head_tracking,"{""input_type"": ""HandTracking"",""h"": ""31.18,1.32,-0.88"",""l"": ""0.00,0.00,0.00"",""r"": ""0.00,0.00,0.00""}"
15,Baseline,False,245.8429,gaze_sample,"{""target"": ""Sci-fi platform-fbx (6)""}"
15,Baseline,False,245.954,gaze_sample,"{""target"": ""Sci-fi platform-fbx (6)""}"
15,Baseline,False,246.0097,head_tracking,"{""input_type"": ""HandTracking"",""h"": ""31.18,1.32,-0.88"",""l"": ""0.00,0.00,0.00"",""r"": ""0.00,0.00,0.00""}"
15,Baseline,False,246.0648,gaze_sample,"{""target"": ""gate-lasers""}"
15,Baseline,False,246.176,gaze_sample,"{""target"": ""gate-lasers""}"
15,Baseline,False,246.2177,head_tracking,"{""input_type"": ""HandTracking"",""h"": ""31.18,1.32,-0.88"",""l"": ""0.00,0.00,0.00"",""r"": ""0.00,0.00,0.00""}"
15,Baseline,False,246.2872,gaze_sample,"{""target"": ""Sci-fi platform-fbx (6)""}"
15,Baseline,False,246.3985,gaze_sample,"{""target"": ""gate-lasers""}"
15,Baseline,False,246.4258,head_tracking,"{""input_type"": ""HandTracking"",""h"": ""31.19,1.32,-0.88"",""l"": ""0.00,0.00,0.00"",""r"": ""0.00,0.00,0.00""}"
15,Baseline,False,246.5096,gaze_sample,"{""target"": ""gate-lasers""}"
15,Baseline,False,246.6204,gaze_sample,"{""target"": ""gate-lasers""}"
15,Baseline,False,246.6345,head_tracking,"{""input_type"": ""HandTracking"",""h"": ""31.19,1.32,-0.88"",""l"": ""0.00,0.00,0.00"",""r"": ""0.00,0.00,0.00""}"
15,Baseline,False,246.7318,gaze_sample,"{""target"": ""gate-lasers""}"
15,Baseline,False,246.8429,head_tracking,"{""input_type"": ""HandTracking"",""h"": ""31.19,1.32,-0.89"",""l"": ""0.00,0.00,0.00"",""r"": ""0.00,0.00,0.00""}"
15,Baseline,False,246.8429,gaze_sample,"{""target"": ""gate-lasers""}"
15,Baseline,False,246.954,gaze_sample,"{""target"": ""gate-lasers""}"
15,Baseline,False,247.0512,head_tracking,"{""input_type"": ""HandTracking"",""h"": ""31.18,1.32,-0.89"",""l"": ""0.00,0.00,0.00"",""r"": ""0.00,0.00,0.00""}"
15,Baseline,False,247.0652,gaze_sample,"{""target"": ""gate-lasers""}"
15,Baseline,False,247.1771,gaze_sample,"{""target"": ""gate-lasers""}"
15,Baseline,False,247.2595,head_tracking,"{""input_type"": ""HandTracking"",""h"": ""31.18,1.32,-0.89"",""l"": ""0.00,0.00,0.00"",""r"": ""0.00,0.00,0.00""}"
15,Baseline,False,247.2875,gaze_sample,"{""target"": ""gate-lasers""}"
15,Baseline,False,247.3986,gaze_sample,"{""target"": ""gate-lasers""}"
15,Baseline,False,247.4685,head_tracking,"{""input_type"": ""HandTracking"",""h"": ""31.18,1.32,-0.89"",""l"": ""0.00,0.00,0.00"",""r"": ""0.00,0.00,0.00""}"
15,Baseline,False,247.5091,gaze_sample,"{""target"": ""gate-lasers""}"
15,Baseline,False,247.6211,gaze_sample,"{""target"": ""gate-lasers""}"
15,Baseline,False,247.6757,head_tracking,"{""input_type"": ""HandTracking"",""h"": ""31.18,1.32,-0.89"",""l"": ""0.00,0.00,0.00"",""r"": ""0.00,0.00,0.00""}"
15,Baseline,False,247.7313,gaze_sample,"{""target"": ""gate-lasers""}"
15,Baseline,False,247.8423,gaze_sample,"{""target"": ""gate-lasers""}"
15,Baseline,False,247.8844,head_tracking,"{""input_type"": ""HandTracking"",""h"": ""31.18,1.32,-0.89"",""l"": ""0.00,0.00,0.00"",""r"": ""0.00,0.00,0.00""}"
15,Baseline,False,247.9536,gaze_sample,"{""target"": ""gate-lasers""}"
15,Baseline,False,248.0661,gaze_sample,"{""target"": ""gate-lasers""}"
15,Baseline,False,248.0925,head_tracking,"{""input_type"": ""HandTracking"",""h"": ""31.18,1.32,-0.89"",""l"": ""0.00,0.00,0.00"",""r"": ""0.00,0.00,0.00""}"
15,Baseline,False,248.1757,gaze_sample,"{""target"": ""gate-lasers""}"
15,Baseline,False,248.2869,gaze_sample,"{""target"": ""gate-lasers""}"
15,Baseline,False,248.3012,head_tracking,"{""input_type"": ""HandTracking"",""h"": ""31.17,1.32,-0.89"",""l"": ""0.00,0.00,0.00"",""r"": ""0.00,0.00,0.00""}"
15,Baseline,False,248.3981,gaze_sample,"{""target"": ""gate-lasers""}"
15,Baseline,False,248.5104,head_tracking,"{""input_type"": ""HandTracking"",""h"": ""31.17,1.32,-0.89"",""l"": ""0.00,0.00,0.00"",""r"": ""0.00,0.00,0.00""}"
15,Baseline,False,248.5104,gaze_sample,"{""target"": ""gate-lasers""}"
15,Baseline,False,248.6205,gaze_sample,"{""target"": ""gate-lasers""}"
15,Baseline,False,248.7179,head_tracking,"{""input_type"": ""HandTracking"",""h"": ""28.61,1.32,-8.94"",""l"": ""0.00,0.00,0.00"",""r"": ""0.00,0.00,0.00""}"
15,Baseline,False,248.9269,head_tracking,"{""input_type"": ""HandTracking"",""h"": ""28.61,1.32,-8.95"",""l"": ""0.00,0.00,0.00"",""r"": ""0.00,0.00,0.00""}"
15,Baseline,False,249.1352,head_tracking,"{""input_type"": ""HandTracking"",""h"": ""28.60,1.32,-8.95"",""l"": ""0.00,0.00,0.00"",""r"": ""0.00,0.00,0.00""}"
15,Baseline,False,249.177,gaze_sample,"{""target"": ""gate-door (1)""}"
15,Baseline,False,249.2881,gaze_sample,"{""target"": ""room-small""}"
15,Baseline,False,249.3433,head_tracking,"{""input_type"": ""HandTracking"",""h"": ""28.60,1.32,-8.94"",""l"": ""0.00,0.00,0.00"",""r"": ""0.00,0.00,0.00""}"
15,Baseline,False,249.3988,gaze_sample,"{""target"": ""room-small""}"
15,Baseline,False,249.5095,gaze_sample,"{""target"": ""room-small""}"
15,Baseline,False,249.5513,head_tracking,"{""input_type"": ""HandTracking"",""h"": ""28.62,1.33,-8.94"",""l"": ""0.00,0.00,0.00"",""r"": ""0.00,0.00,0.00""}"
15,Baseline,False,249.6209,gaze_sample,"{""target"": ""room-small""}"
15,Baseline,False,249.7321,gaze_sample,"{""target"": ""room-small""}"
15,Baseline,False,249.76,head_tracking,"{""input_type"": ""HandTracking"",""h"": ""28.64,1.33,-8.94"",""l"": ""0.00,0.00,0.00"",""r"": ""0.00,0.00,0.00""}"
15,Baseline,False,249.8432,gaze_sample,"{""target"": ""P_R_H Battery (1)""}"
15,Baseline,False,249.9543,gaze_sample,"{""target"": ""room-small""}"
15,Baseline,False,249.9684,head_tracking,"{""input_type"": ""HandTracking"",""h"": ""28.66,1.33,-8.93"",""l"": ""0.00,0.00,0.00"",""r"": ""0.00,0.00,0.00""}"
15,Baseline,False,250.0657,gaze_sample,"{""target"": ""gate-lasers""}"
15,Baseline,False,250.177,head_tracking,"{""input_type"": ""HandTracking"",""h"": ""28.69,1.33,-8.92"",""l"": ""0.00,0.00,0.00"",""r"": ""0.00,0.00,0.00""}"
15,Baseline,False,250.177,gaze_sample,"{""target"": ""gate-lasers""}"
15,Baseline,False,250.2884,gaze_sample,"{""target"": ""gate-lasers""}"
15,Baseline,False,250.3858,head_tracking,"{""input_type"": ""HandTracking"",""h"": ""28.73,1.33,-8.91"",""l"": ""0.00,0.00,0.00"",""r"": ""0.00,0.00,0.00""}"
15,Baseline,False,250.3994,gaze_sample,"{""target"": ""gate-lasers""}"
15,Baseline,False,250.5124,gaze_sample,"{""target"": ""gate-lasers""}"
15,Baseline,False,250.594,head_tracking,"{""input_type"": ""HandTracking"",""h"": ""28.77,1.33,-8.92"",""l"": ""0.00,0.00,0.00"",""r"": ""0.00,0.00,0.00""}"
15,Baseline,False,250.6218,gaze_sample,"{""target"": ""template-wall (2)""}"
15,Baseline,False,250.7325,gaze_sample,"{""target"": ""room-small""}"
15,Baseline,False,250.8018,head_tracking,"{""input_type"": ""HandTracking"",""h"": ""28.79,1.32,-8.93"",""l"": ""0.00,0.00,0.00"",""r"": ""0.00,0.00,0.00""}"
15,Baseline,False,250.8435,gaze_sample,"{""target"": ""P_R_H Battery (2)""}"
15,Baseline,False,250.9545,gaze_sample,"{""target"": ""P_R_H Battery (2)""}"
15,Baseline,False,251.0098,head_tracking,"{""input_type"": ""HandTracking"",""h"": ""28.78,1.32,-8.94"",""l"": ""0.00,0.00,0.00"",""r"": ""0.00,0.00,0.00""}"
15,Baseline,False,251.0654,gaze_sample,"{""target"": ""P_R_H Battery (2)""}"
15,Baseline,False,251.1766,gaze_sample,"{""target"": ""P_R_H Battery (2)""}"
15,Baseline,False,251.2186,head_tracking,"{""input_type"": ""HandTracking"",""h"": ""28.76,1.33,-8.95"",""l"": ""0.00,0.00,0.00"",""r"": ""0.00,0.00,0.00""}"
15,Baseline,False,251.2879,gaze_sample,"{""target"": ""P_R_H Battery (2)""}"
15,Baseline,False,251.399,gaze_sample,"{""target"": ""P_R_H Battery (2)""}"
15,Baseline,False,251.4268,head_tracking,"{""input_type"": ""HandTracking"",""h"": ""28.76,1.33,-8.96"",""l"": ""0.00,0.00,0.00"",""r"": ""0.00,0.00,0.00""}"
15,Baseline,False,251.5102,gaze_sample,"{""target"": ""P_R_H Battery (2)""}"
15,Baseline,False,251.6213,gaze_sample,"{""target"": ""P_R_H Battery (1)""}"
15,Baseline,False,251.6366,head_tracking,"{""input_type"": ""HandTracking"",""h"": ""28.76,1.32,-8.96"",""l"": ""0.00,0.00,0.00"",""r"": ""0.00,0.00,0.00""}"
15,Baseline,False,251.7323,gaze_sample,"{""target"": ""P_R_H Battery (1)""}"
15,Baseline,False,251.8434,head_tracking,"{""input_type"": ""HandTracking"",""h"": ""28.76,1.32,-8.97"",""l"": ""0.00,0.00,0.00"",""r"": ""0.00,0.00,0.00""}"
15,Baseline,False,251.8434,gaze_sample,"{""target"": ""P_R_H Battery (2)""}"
15,Baseline,False,251.9545,gaze_sample,"{""target"": ""P_R_H Battery (2)""}"
15,Baseline,False,252.0518,head_tracking,"{""input_type"": ""HandTracking"",""h"": ""28.75,1.32,-8.97"",""l"": ""0.00,0.00,0.00"",""r"": ""0.00,0.00,0.00""}"
15,Baseline,False,252.0658,gaze_sample,"{""target"": ""P_R_H Battery (2)""}"
15,Baseline,False,252.1769,gaze_sample,"{""target"": ""P_R_H Battery (2)""}"
15,Baseline,False,252.2602,head_tracking,"{""input_type"": ""HandTracking"",""h"": ""28.75,1.32,-8.97"",""l"": ""0.00,0.00,0.00"",""r"": ""0.00,0.00,0.00""}"
15,Baseline,False,252.2879,gaze_sample,"{""target"": ""P_R_H Battery (2)""}"
15,Baseline,False,252.3992,gaze_sample,"{""target"": ""P_R_H Battery (2)""}"
15,Baseline,False,252.4684,head_tracking,"{""input_type"": ""HandTracking"",""h"": ""28.75,1.33,-8.97"",""l"": ""0.00,0.00,0.00"",""r"": ""0.00,0.00,0.00""}"
15,Baseline,False,252.5102,gaze_sample,"{""target"": ""P_R_H Battery (2)""}"
15,Baseline,False,252.6213,gaze_sample,"{""target"": ""P_R_H Battery (2)""}"
15,Baseline,False,252.6767,head_tracking,"{""input_type"": ""HandTracking"",""h"": ""28.76,1.33,-8.97"",""l"": ""0.00,0.00,0.00"",""r"": ""0.00,0.00,0.00""}"
15,Baseline,False,252.7323,gaze_sample,"{""target"": ""P_R_H Battery (2)""}"
15,Baseline,False,252.8434,gaze_sample,"{""target"": ""P_R_H Battery (2)""}"
15,Baseline,False,252.885,head_tracking,"{""input_type"": ""HandTracking"",""h"": ""28.76,1.33,-8.97"",""l"": ""0.00,0.00,0.00"",""r"": ""0.00,0.00,0.00""}"
15,Baseline,False,252.9545,gaze_sample,"{""target"": ""P_R_H Battery (2)""}"
15,Baseline,False,253.0656,gaze_sample,"{""target"": ""P_R_H Battery (2)""}"
15,Baseline,False,253.0935,head_tracking,"{""input_type"": ""HandTracking"",""h"": ""28.76,1.33,-8.97"",""l"": ""0.00,0.00,0.00"",""r"": ""0.00,0.00,0.00""}"
15,Baseline,False,253.1767,gaze_sample,"{""target"": ""P_R_H Battery (2)""}"
15,Baseline,False,253.2884,gaze_sample,"{""target"": ""P_R_H Battery (2)""}"
15,Baseline,False,253.3019,head_tracking,"{""input_type"": ""HandTracking"",""h"": ""28.75,1.33,-8.97"",""l"": ""0.00,0.00,0.00"",""r"": ""0.00,0.00,0.00""}"
15,Baseline,False,253.3992,gaze_sample,"{""target"": ""P_R_H Battery (2)""}"
15,Baseline,False,253.5097,head_tracking,"{""input_type"": ""HandTracking"",""h"": ""28.75,1.33,-8.97"",""l"": ""0.00,0.00,0.00"",""r"": ""0.00,0.00,0.00""}"
15,Baseline,False,253.5097,gaze_sample,"{""target"": ""P_R_H Battery (2)""}"
15,Baseline,False,253.6208,gaze_sample,"{""target"": ""P_R_H Battery (2)""}"
15,Baseline,False,253.7179,head_tracking,"{""input_type"": ""HandTracking"",""h"": ""28.75,1.33,-8.97"",""l"": ""0.00,0.00,0.00"",""r"": ""0.00,0.00,0.00""}"
15,Baseline,False,253.7319,gaze_sample,"{""target"": ""P_R_H Battery (2)""}"
15,Baseline,False,253.8432,gaze_sample,"{""target"": ""P_R_H Battery (2)""}"
15,Baseline,False,253.9278,head_tracking,"{""input_type"": ""HandTracking"",""h"": ""28.75,1.33,-8.97"",""l"": ""0.00,0.00,0.00"",""r"": ""0.00,0.00,0.00""}"
15,Baseline,False,253.9541,gaze_sample,"{""target"": ""P_R_H Battery (2)""}"
15,Baseline,False,254.0651,gaze_sample,"{""target"": ""P_R_H Battery (2)""}"
15,Baseline,False,254.1346,head_tracking,"{""input_type"": ""HandTracking"",""h"": ""28.75,1.33,-8.97"",""l"": ""0.00,0.00,0.00"",""r"": ""0.00,0.00,0.00""}"
15,Baseline,False,254.1765,gaze_sample,"{""target"": ""P_R_H Battery (2)""}"
15,Baseline,False,254.2875,gaze_sample,"{""target"": ""P_R_H Battery (2)""}"
15,Baseline,False,254.3431,head_tracking,"{""input_type"": ""HandTracking"",""h"": ""28.76,1.32,-8.96"",""l"": ""0.00,0.00,0.00"",""r"": ""0.00,0.00,0.00""}"
15,Baseline,False,254.3988,gaze_sample,"{""target"": ""P_R_H Battery (2)""}"
15,Baseline,False,254.5097,gaze_sample,"{""target"": ""P_R_H Battery (1)""}"
15,Baseline,False,254.5515,head_tracking,"{""input_type"": ""HandTracking"",""h"": ""28.76,1.32,-8.95"",""l"": ""0.00,0.00,0.00"",""r"": ""0.00,0.00,0.00""}"
15,Baseline,False,254.6207,gaze_sample,"{""target"": ""P_R_H Battery (1)""}"
15,Baseline,False,254.7318,gaze_sample,"{""target"": ""gate-door (1)""}"
15,Baseline,False,254.7598,head_tracking,"{""input_type"": ""HandTracking"",""h"": ""27.36,1.33,-14.53"",""l"": ""0.00,0.00,0.00"",""r"": ""0.00,0.00,0.00""}"
15,Baseline,False,254.8433,gaze_sample,"{""target"": ""gate-door (1)""}"
15,Baseline,False,254.9543,gaze_sample,"{""target"": ""gate-door (1)""}"
15,Baseline,False,254.9684,head_tracking,"{""input_type"": ""HandTracking"",""h"": ""27.36,1.33,-14.53"",""l"": ""0.00,0.00,0.00"",""r"": ""0.00,0.00,0.00""}"
15,Baseline,False,255.0656,gaze_sample,"{""target"": ""gate-door (1)""}"
15,Baseline,False,255.1769,head_tracking,"{""input_type"": ""HandTracking"",""h"": ""27.34,1.33,-14.54"",""l"": ""0.00,0.00,0.00"",""r"": ""0.00,0.00,0.00""}"
15,Baseline,False,255.1769,gaze_sample,"{""target"": ""room-small""}"
15,Baseline,False,255.2883,gaze_sample,"{""target"": ""P_R_H Battery (1)""}"
15,Baseline,False,255.3854,head_tracking,"{""input_type"": ""HandTracking"",""h"": ""27.32,1.33,-14.54"",""l"": ""0.00,0.00,0.00"",""r"": ""0.00,0.00,0.00""}"
15,Baseline,False,255.3993,gaze_sample,"{""target"": ""P_R_H Battery (1)""}"
15,Baseline,False,255.5116,gaze_sample,"{""target"": ""P_R_H Battery (1)""}"
15,Baseline,False,255.5937,head_tracking,"{""input_type"": ""HandTracking"",""h"": ""27.31,1.33,-14.54"",""l"": ""0.00,0.00,0.00"",""r"": ""0.00,0.00,0.00""}"
15,Baseline,False,255.6217,gaze_sample,"{""target"": ""P_R_H Battery (1)""}"
15,Baseline,False,255.7328,gaze_sample,"{""target"": ""P_R_H Battery (1)""}"
15,Baseline,False,255.8023,head_tracking,"{""input_type"": ""HandTracking"",""h"": ""27.31,1.33,-14.55"",""l"": ""0.00,0.00,0.00"",""r"": ""0.00,0.00,0.00""}"
15,Baseline,False,255.8439,gaze_sample,"{""target"": ""P_R_H Battery (1)""}"
15,Baseline,False,255.9553,gaze_sample,"{""target"": ""P_R_H Battery (1)""}"
15,Baseline,False,256.0107,head_tracking,"{""input_type"": ""HandTracking"",""h"": ""27.31,1.33,-14.55"",""l"": ""0.00,0.00,0.00"",""r"": ""0.00,0.00,0.00""}"
15,Baseline,False,256.066,gaze_sample,"{""target"": ""P_R_H Battery (1)""}"
15,Baseline,False,256.1773,gaze_sample,"{""target"": ""room-small""}"
15,Baseline,False,256.2191,head_tracking,"{""input_type"": ""HandTracking"",""h"": ""27.30,1.33,-14.55"",""l"": ""0.00,0.00,0.00"",""r"": ""0.00,0.00,0.00""}"
15,Baseline,False,256.2884,gaze_sample,"{""target"": ""room-small""}"
15,Baseline,False,256.4001,gaze_sample,"{""target"": ""room-small""}"
15,Baseline,False,256.4272,head_tracking,"{""input_type"": ""HandTracking"",""h"": ""27.27,1.33,-14.55"",""l"": ""0.00,0.00,0.00"",""r"": ""0.00,0.00,0.00""}"
15,Baseline,False,256.5106,gaze_sample,"{""target"": ""room-small""}"
15,Baseline,False,256.6218,gaze_sample,"{""target"": ""P_R_H Battery (1)""}"
15,Baseline,False,256.6357,head_tracking,"{""input_type"": ""HandTracking"",""h"": ""27.25,1.33,-14.55"",""l"": ""0.00,0.00,0.00"",""r"": ""0.00,0.00,0.00""}"
15,Baseline,False,256.7329,gaze_sample,"{""target"": ""P_R_H Battery (1)""}"
15,Baseline,False,256.8441,head_tracking,"{""input_type"": ""HandTracking"",""h"": ""27.24,1.33,-14.55"",""l"": ""0.00,0.00,0.00"",""r"": ""0.00,0.00,0.00""}"
15,Baseline,False,256.8441,gaze_sample,"{""target"": ""P_R_H Battery (1)""}"
15,Baseline,False,256.9552,gaze_sample,"{""target"": ""P_R_H Battery (1)""}"
15,Baseline,False,257.0524,head_tracking,"{""input_type"": ""HandTracking"",""h"": ""27.24,1.33,-14.55"",""l"": ""0.00,0.00,0.00"",""r"": ""0.00,0.00,0.00""}"
15,Baseline,False,257.0673,gaze_sample,"{""target"": ""P_R_H Battery (1)""}"
15,Baseline,False,257.1773,gaze_sample,"{""target"": ""P_R_H Battery (1)""}"
15,Baseline,False,257.2607,head_tracking,"{""input_type"": ""HandTracking"",""h"": ""27.23,1.33,-14.55"",""l"": ""0.00,0.00,0.00"",""r"": ""0.00,0.00,0.00""}"
15,Baseline,False,257.2885,gaze_sample,"{""target"": ""P_R_H Battery (1)""}"
15,Baseline,False,257.3998,gaze_sample,"{""target"": ""P_R_H Battery (1)""}"
15,Baseline,False,257.4692,head_tracking,"{""input_type"": ""HandTracking"",""h"": ""27.23,1.33,-14.56"",""l"": ""0.00,0.00,0.00"",""r"": ""0.00,0.00,0.00""}"
15,Baseline,False,257.511,gaze_sample,"{""target"": ""P_R_H Battery (1)""}"
15,Baseline,False,257.6216,gaze_sample,"{""target"": ""P_R_H Battery (1)""}"
15,Baseline,False,257.6772,head_tracking,"{""input_type"": ""HandTracking"",""h"": ""27.23,1.33,-14.56"",""l"": ""0.00,0.00,0.00"",""r"": ""0.00,0.00,0.00""}"
15,Baseline,False,257.7327,gaze_sample,"{""target"": ""P_R_H Battery (1)""}"
15,Baseline,False,257.8438,gaze_sample,"{""target"": ""P_R_H Battery (1)""}"
15,Baseline,False,257.8855,head_tracking,"{""input_type"": ""HandTracking"",""h"": ""27.23,1.33,-14.56"",""l"": ""0.00,0.00,0.00"",""r"": ""0.00,0.00,0.00""}"
15,Baseline,False,257.955,gaze_sample,"{""target"": ""P_R_H Battery (1)""}"
15,Baseline,False,258.0661,gaze_sample,"{""target"": ""P_R_H Battery (1)""}"
15,Baseline,False,258.094,head_tracking,"{""input_type"": ""HandTracking"",""h"": ""27.23,1.33,-14.56"",""l"": ""0.00,0.00,0.00"",""r"": ""0.00,0.00,0.00""}"
15,Baseline,False,258.1773,gaze_sample,"{""target"": ""P_R_H Battery (1)""}"
15,Baseline,False,258.2887,gaze_sample,"{""target"": ""P_R_H Battery (1)""}"
15,Baseline,False,258.3022,head_tracking,"{""input_type"": ""HandTracking"",""h"": ""27.23,1.33,-14.56"",""l"": ""0.00,0.00,0.00"",""r"": ""0.00,0.00,0.00""}"
15,Baseline,False,258.3995,gaze_sample,"{""target"": ""P_R_H Battery (1)""}"
15,Baseline,False,258.5106,head_tracking,"{""input_type"": ""HandTracking"",""h"": ""27.23,1.33,-14.56"",""l"": ""0.00,0.00,0.00"",""r"": ""0.00,0.00,0.00""}"
15,Baseline,False,258.5106,gaze_sample,"{""target"": ""P_R_H Battery (1)""}"
15,Baseline,False,258.6218,gaze_sample,"{""target"": ""P_R_H Battery (2)""}"
15,Baseline,False,258.719,head_tracking,"{""input_type"": ""HandTracking"",""h"": ""27.22,1.33,-14.56"",""l"": ""0.00,0.00,0.00"",""r"": ""0.00,0.00,0.00""}"
15,Baseline,False,258.7329,gaze_sample,"{""target"": ""P_R_H Battery (2)""}"
15,Baseline,False,258.844,gaze_sample,"{""target"": ""P_R_H Battery (1)""}"
15,Baseline,False,258.9276,head_tracking,"{""input_type"": ""HandTracking"",""h"": ""27.23,1.32,-14.56"",""l"": ""0.00,0.00,0.00"",""r"": ""0.00,0.00,0.00""}"
15,Baseline,False,258.955,gaze_sample,"{""target"": ""P_R_H Battery (1)""}"
15,Baseline,False,259.0662,gaze_sample,"{""target"": ""P_R_H Battery (1)""}"
15,Baseline,False,259.1354,head_tracking,"{""input_type"": ""HandTracking"",""h"": ""27.23,1.32,-14.57"",""l"": ""0.00,0.00,0.00"",""r"": ""0.00,0.00,0.00""}"
15,Baseline,False,259.1772,gaze_sample,"{""target"": ""P_R_H Battery (1)""}"
15,Baseline,False,259.2882,gaze_sample,"{""target"": ""P_R_H Battery (1)""}"
15,Baseline,False,259.344,head_tracking,"{""input_type"": ""HandTracking"",""h"": ""27.23,1.32,-14.56"",""l"": ""0.00,0.00,0.00"",""r"": ""0.00,0.00,0.00""}"
15,Baseline,False,259.3996,gaze_sample,"{""target"": ""P_R_H Battery (1)""}"
15,Baseline,False,259.5108,gaze_sample,"{""target"": ""P_R_H Battery (1)""}"
15,Baseline,False,259.5523,head_tracking,"{""input_type"": ""HandTracking"",""h"": ""27.23,1.32,-14.56"",""l"": ""0.00,0.00,0.00"",""r"": ""0.00,0.00,0.00""}"
15,Baseline,False,259.6217,gaze_sample,"{""target"": ""P_R_H Battery (1)""}"
15,Baseline,False,259.7327,gaze_sample,"{""target"": ""P_R_H Battery (2)""}"
15,Baseline,False,259.7605,head_tracking,"{""input_type"": ""HandTracking"",""h"": ""27.22,1.32,-14.55"",""l"": ""0.00,0.00,0.00"",""r"": ""0.00,0.00,0.00""}"
15,Baseline,False,259.8438,gaze_sample,"{""target"": ""P_R_H Battery (2)""}"
15,Baseline,False,259.955,gaze_sample,"{""target"": ""P_R_H Battery (2)""}"
15,Baseline,False,259.9691,head_tracking,"{""input_type"": ""HandTracking"",""h"": ""27.22,1.32,-14.55"",""l"": ""0.00,0.00,0.00"",""r"": ""0.00,0.00,0.00""}"
15,Baseline,False,260.066,gaze_sample,"{""target"": ""P_R_H Battery (2)""}"
15,Baseline,False,260.1776,head_tracking,"{""input_type"": ""HandTracking"",""h"": ""27.23,1.33,-14.54"",""l"": ""0.00,0.00,0.00"",""r"": ""0.00,0.00,0.00""}"
15,Baseline,False,260.1776,gaze_sample,"{""target"": ""P_R_H Battery (2)""}"
15,Baseline,False,260.2883,gaze_sample,"{""target"": ""P_R_H Battery (2)""}"
15,Baseline,False,260.3855,head_tracking,"{""input_type"": ""HandTracking"",""h"": ""27.24,1.33,-14.54"",""l"": ""0.00,0.00,0.00"",""r"": ""0.00,0.00,0.00""}"
15,Baseline,False,260.3996,gaze_sample,"{""target"": ""P_R_H Battery (1)""}"
15,Baseline,False,260.5105,gaze_sample,"{""target"": ""P_R_H Battery (1)""}"
15,Baseline,False,260.5938,head_tracking,"{""input_type"": ""HandTracking"",""h"": ""27.24,1.33,-14.54"",""l"": ""0.00,0.00,0.00"",""r"": ""0.00,0.00,0.00""}"
15,Baseline,False,260.6228,gaze_sample,"{""target"": ""P_R_H Battery (1)""}"
15,Baseline,False,260.7324,gaze_sample,"{""target"": ""P_R_H Battery (1)""}"
15,Baseline,False,260.8021,head_tracking,"{""input_type"": ""HandTracking"",""h"": ""27.24,1.33,-14.55"",""l"": ""0.00,0.00,0.00"",""r"": ""0.00,0.00,0.00""}"
15,Baseline,False,260.8437,gaze_sample,"{""target"": ""P_R_H Battery (1)""}"
15,Baseline,False,260.9549,gaze_sample,"{""target"": ""P_R_H Battery (1)""}"
15,Baseline,False,261.0104,head_tracking,"{""input_type"": ""HandTracking"",""h"": ""27.24,1.33,-14.55"",""l"": ""0.00,0.00,0.00"",""r"": ""0.00,0.00,0.00""}"
15,Baseline,False,261.0661,gaze_sample,"{""target"": ""P_R_H Battery (1)""}"
15,Baseline,False,261.1772,gaze_sample,"{""target"": ""P_R_H Battery (1)""}"
15,Baseline,False,261.2186,head_tracking,"{""input_type"": ""HandTracking"",""h"": ""27.24,1.33,-14.55"",""l"": ""0.00,0.00,0.00"",""r"": ""0.00,0.00,0.00""}"
15,Baseline,False,261.2883,gaze_sample,"{""target"": ""P_R_H Battery (1)""}"
15,Baseline,False,261.3995,gaze_sample,"{""target"": ""P_R_H Battery (1)""}"
15,Baseline,False,261.4273,head_tracking,"{""input_type"": ""HandTracking"",""h"": ""27.24,1.33,-14.55"",""l"": ""0.00,0.00,0.00"",""r"": ""0.00,0.00,0.00""}"
15,Baseline,False,261.5106,gaze_sample,"{""target"": ""P_R_H Battery (1)""}"
15,Baseline,False,261.6215,gaze_sample,"{""target"": ""P_R_H Battery (1)""}"
15,Baseline,False,261.6354,head_tracking,"{""input_type"": ""HandTracking"",""h"": ""27.24,1.33,-14.55"",""l"": ""0.00,0.00,0.00"",""r"": ""0.00,0.00,0.00""}"
15,Baseline,False,261.7325,gaze_sample,"{""target"": ""P_R_H Battery (1)""}"
15,Baseline,False,261.8436,head_tracking,"{""input_type"": ""HandTracking"",""h"": ""27.23,1.33,-14.55"",""l"": ""0.00,0.00,0.00"",""r"": ""0.00,0.00,0.00""}"
15,Baseline,False,261.8436,gaze_sample,"{""target"": ""P_R_H Battery (1)""}"
15,Baseline,False,261.9549,gaze_sample,"{""target"": ""P_R_H Battery (1)""}"
15,Baseline,False,262.0524,head_tracking,"{""input_type"": ""HandTracking"",""h"": ""27.23,1.33,-14.55"",""l"": ""0.00,0.00,0.00"",""r"": ""0.00,0.00,0.00""}"
15,Baseline,False,262.0659,gaze_sample,"{""target"": ""P_R_H Battery (1)""}"
15,Baseline,False,262.177,gaze_sample,"{""target"": ""P_R_H Battery (1)""}"
15,Baseline,False,262.2603,head_tracking,"{""input_type"": ""HandTracking"",""h"": ""27.24,1.33,-14.55"",""l"": ""0.00,0.00,0.00"",""r"": ""0.00,0.00,0.00""}"
15,Baseline,False,262.288,gaze_sample,"{""target"": ""P_R_H Battery (1)""}"
15,Baseline,False,262.3993,gaze_sample,"{""target"": ""P_R_H Battery (1)""}"
15,Baseline,False,262.4689,head_tracking,"{""input_type"": ""HandTracking"",""h"": ""27.24,1.33,-14.55"",""l"": ""0.00,0.00,0.00"",""r"": ""0.00,0.00,0.00""}"
15,Baseline,False,262.5107,gaze_sample,"{""target"": ""P_R_H Battery (1)""}"
15,Baseline,False,262.6215,gaze_sample,"{""target"": ""P_R_H Battery (1)""}"
15,Baseline,False,262.6772,head_tracking,"{""input_type"": ""HandTracking"",""h"": ""27.25,1.33,-14.55"",""l"": ""0.00,0.00,0.00"",""r"": ""0.00,0.00,0.00""}"
15,Baseline,False,262.7326,gaze_sample,"{""target"": ""P_R_H Battery (1)""}"
15,Baseline,False,262.8436,gaze_sample,"{""target"": ""P_R_H Battery (1)""}"
15,Baseline,False,262.8855,head_tracking,"{""input_type"": ""HandTracking"",""h"": ""27.25,1.33,-14.55"",""l"": ""0.00,0.00,0.00"",""r"": ""0.00,0.00,0.00""}"
15,Baseline,False,262.9548,gaze_sample,"{""target"": ""P_R_H Battery (1)""}"
15,Baseline,False,263.066,gaze_sample,"{""target"": ""P_R_H Battery (1)""}"
15,Baseline,False,263.0939,head_tracking,"{""input_type"": ""HandTracking"",""h"": ""27.24,1.33,-14.55"",""l"": ""0.00,0.00,0.00"",""r"": ""0.00,0.00,0.00""}"
15,Baseline,False,263.177,gaze_sample,"{""target"": ""P_R_H Battery (1)""}"
15,Baseline,False,263.2884,gaze_sample,"{""target"": ""P_R_H Battery (1)""}"
15,Baseline,False,263.3021,head_tracking,"{""input_type"": ""HandTracking"",""h"": ""27.24,1.33,-14.55"",""l"": ""0.00,0.00,0.00"",""r"": ""0.00,0.00,0.00""}"
15,Baseline,False,263.3992,gaze_sample,"{""target"": ""P_R_H Battery (1)""}"
15,Baseline,False,263.5104,head_tracking,"{""input_type"": ""HandTracking"",""h"": ""27.24,1.33,-14.55"",""l"": ""0.00,0.00,0.00"",""r"": ""0.00,0.00,0.00""}"
15,Baseline,False,263.5104,gaze_sample,"{""target"": ""P_R_H Battery (1)""}"
15,Baseline,False,263.6214,gaze_sample,"{""target"": ""P_R_H Battery (1)""}"
15,Baseline,False,263.7186,head_tracking,"{""input_type"": ""HandTracking"",""h"": ""27.24,1.33,-14.55"",""l"": ""0.00,0.00,0.00"",""r"": ""0.00,0.00,0.00""}"
15,Baseline,False,263.7326,gaze_sample,"{""target"": ""P_R_H Battery (1)""}"
15,Baseline,False,263.8158,interaction,"{""item"": ""P_R_H Battery (1)"", ""action"": ""grab""}"
15,Baseline,False,263.8436,gaze_sample,"{""target"": ""P_R_H Battery (1)""}"
15,Baseline,False,263.9269,head_tracking,"{""input_type"": ""HandTracking"",""h"": ""27.24,1.33,-14.54"",""l"": ""0.00,0.00,0.00"",""r"": ""0.00,0.00,0.00""}"
15,Baseline,False,263.9547,gaze_sample,"{""target"": ""P_R_H Battery (1)""}"
15,Baseline,False,264.0661,gaze_sample,"{""target"": ""P_R_H Battery (1)""}"
15,Baseline,False,264.1353,head_tracking,"{""input_type"": ""HandTracking"",""h"": ""27.24,1.33,-14.54"",""l"": ""0.00,0.00,0.00"",""r"": ""0.00,0.00,0.00""}"
15,Baseline,False,264.177,gaze_sample,"{""target"": ""P_R_H Battery (1)""}"
15,Baseline,False,264.2881,gaze_sample,"{""target"": ""P_R_H Battery (1)""}"
15,Baseline,False,264.3438,head_tracking,"{""input_type"": ""HandTracking"",""h"": ""27.24,1.33,-14.54"",""l"": ""0.00,0.00,0.00"",""r"": ""0.00,0.00,0.00""}"
15,Baseline,False,264.3993,gaze_sample,"{""target"": ""P_R_H Battery (1)""}"
15,Baseline,False,264.5518,head_tracking,"{""input_type"": ""HandTracking"",""h"": ""27.25,1.33,-14.53"",""l"": ""0.00,0.00,0.00"",""r"": ""0.00,0.00,0.00""}"
15,Baseline,False,264.6212,gaze_sample,"{""target"": ""room-small""}"
15,Baseline,False,264.7322,gaze_sample,"{""target"": ""room-small""}"
15,Baseline,False,264.7603,head_tracking,"{""input_type"": ""HandTracking"",""h"": ""27.23,1.33,-14.52"",""l"": ""0.00,0.00,0.00"",""r"": ""0.00,0.00,0.00""}"
15,Baseline,False,264.8435,gaze_sample,"{""target"": ""P_R_H Battery (1)""}"
15,Baseline,False,264.9546,gaze_sample,"{""target"": ""P_R_H Battery (1)""}"
15,Baseline,False,264.9685,head_tracking,"{""input_type"": ""HandTracking"",""h"": ""27.21,1.33,-14.52"",""l"": ""0.00,0.00,0.00"",""r"": ""0.00,0.00,0.00""}"
15,Baseline,False,265.0656,gaze_sample,"{""target"": ""P_R_H Battery (1)""}"
15,Baseline,False,265.1767,head_tracking,"{""input_type"": ""HandTracking"",""h"": ""27.18,1.32,-14.51"",""l"": ""0.00,0.00,0.00"",""r"": ""0.00,0.00,0.00""}"
15,Baseline,False,265.1767,gaze_sample,"{""target"": ""P_R_H Battery (1)""}"
15,Baseline,False,265.2878,gaze_sample,"{""target"": ""Sci-fi platform-fbx (5)""}"
15,Baseline,False,265.3849,head_tracking,"{""input_type"": ""HandTracking"",""h"": ""27.18,1.32,-14.51"",""l"": ""0.00,0.00,0.00"",""r"": ""0.00,0.00,0.00""}"
15,Baseline,False,265.3989,gaze_sample,"{""target"": ""room-small""}"
15,Baseline,False,265.5102,gaze_sample,"{""target"": ""room-small""}"
15,Baseline,False,265.5934,head_tracking,"{""input_type"": ""HandTracking"",""h"": ""27.20,1.32,-14.52"",""l"": ""0.00,0.00,0.00"",""r"": ""0.00,0.00,0.00""}"
15,Baseline,False,265.6212,gaze_sample,"{""target"": ""room-small""}"
15,Baseline,False,265.7331,gaze_sample,"{""target"": ""room-small""}"
15,Baseline,False,265.8015,head_tracking,"{""input_type"": ""HandTracking"",""h"": ""27.23,1.32,-14.54"",""l"": ""0.00,0.00,0.00"",""r"": ""0.00,0.00,0.00""}"
15,Baseline,False,265.8433,gaze_sample,"{""target"": ""room-small""}"
15,Baseline,False,265.9545,gaze_sample,"{""target"": ""room-small""}"
15,Baseline,False,266.0111,head_tracking,"{""input_type"": ""HandTracking"",""h"": ""27.26,1.32,-14.55"",""l"": ""0.00,0.00,0.00"",""r"": ""0.00,0.00,0.00""}"
15,Baseline,False,266.0659,gaze_sample,"{""target"": ""room-small""}"
15,Baseline,False,266.1767,gaze_sample,"{""target"": ""room-small""}"
15,Baseline,False,266.2184,head_tracking,"{""input_type"": ""HandTracking"",""h"": ""27.29,1.32,-14.56"",""l"": ""0.00,0.00,0.00"",""r"": ""0.00,0.00,0.00""}"
15,Baseline,False,266.2878,gaze_sample,"{""target"": ""room-small""}"
15,Baseline,False,266.399,gaze_sample,"{""target"": ""room-small""}"
15,Baseline,False,266.4266,head_tracking,"{""input_type"": ""HandTracking"",""h"": ""27.33,1.32,-14.57"",""l"": ""0.00,0.00,0.00"",""r"": ""0.00,0.00,0.00""}"
15,Baseline,False,266.51,gaze_sample,"{""target"": ""room-small""}"
15,Baseline,False,266.6212,gaze_sample,"{""target"": ""room-small""}"
15,Baseline,False,266.6351,head_tracking,"{""input_type"": ""HandTracking"",""h"": ""27.36,1.32,-14.58"",""l"": ""0.00,0.00,0.00"",""r"": ""0.00,0.00,0.00""}"
15,Baseline,False,266.7327,gaze_sample,"{""target"": ""room-small""}"
15,Baseline,False,266.8432,head_tracking,"{""input_type"": ""HandTracking"",""h"": ""27.37,1.32,-14.59"",""l"": ""0.00,0.00,0.00"",""r"": ""0.00,0.00,0.00""}"
15,Baseline,False,266.8432,gaze_sample,"{""target"": ""room-small""}"
15,Baseline,False,266.9543,gaze_sample,"{""target"": ""room-small""}"
15,Baseline,False,267.0516,head_tracking,"{""input_type"": ""HandTracking"",""h"": ""27.38,1.32,-14.59"",""l"": ""0.00,0.00,0.00"",""r"": ""0.00,0.00,0.00""}"
15,Baseline,False,267.0655,gaze_sample,"{""target"": ""room-small""}"
15,Baseline,False,267.1766,gaze_sample,"{""target"": ""room-small""}"
15,Baseline,False,267.2599,head_tracking,"{""input_type"": ""HandTracking"",""h"": ""27.39,1.32,-14.59"",""l"": ""0.00,0.00,0.00"",""r"": ""0.00,0.00,0.00""}"
15,Baseline,False,267.2876,gaze_sample,"{""target"": ""room-small""}"
15,Baseline,False,267.3991,gaze_sample,"{""target"": ""room-small""}"
15,Baseline,False,267.4685,head_tracking,"{""input_type"": ""HandTracking"",""h"": ""27.43,1.32,-14.61"",""l"": ""0.00,0.00,0.00"",""r"": ""0.00,0.00,0.00""}"
15,Baseline,False,267.5099,gaze_sample,"{""target"": ""room-small""}"
15,Baseline,False,267.6212,gaze_sample,"{""target"": ""room-small""}"
15,Baseline,False,267.6767,head_tracking,"{""input_type"": ""HandTracking"",""h"": ""27.45,1.32,-14.62"",""l"": ""0.00,0.00,0.00"",""r"": ""0.00,0.00,0.00""}"
15,Baseline,False,267.7325,gaze_sample,"{""target"": ""room-small""}"
15,Baseline,False,267.8432,gaze_sample,"{""target"": ""room-small""}"
15,Baseline,False,267.8849,head_tracking,"{""input_type"": ""HandTracking"",""h"": ""27.46,1.32,-14.63"",""l"": ""0.00,0.00,0.00"",""r"": ""0.00,0.00,0.00""}"
15,Baseline,False,267.9545,gaze_sample,"{""target"": ""room-small""}"
15,Baseline,False,268.0656,gaze_sample,"{""target"": ""room-small""}"
15,Baseline,False,268.0932,head_tracking,"{""input_type"": ""HandTracking"",""h"": ""27.47,1.32,-14.63"",""l"": ""0.00,0.00,0.00"",""r"": ""0.00,0.00,0.00""}"
15,Baseline,False,268.1766,gaze_sample,"{""target"": ""room-small""}"
15,Baseline,False,268.2878,gaze_sample,"{""target"": ""room-small""}"
15,Baseline,False,268.3015,head_tracking,"{""input_type"": ""HandTracking"",""h"": ""27.47,1.32,-14.64"",""l"": ""0.00,0.00,0.00"",""r"": ""0.00,0.00,0.00""}"
15,Baseline,False,268.3987,gaze_sample,"{""target"": ""room-small""}"
15,Baseline,False,268.5101,head_tracking,"{""input_type"": ""HandTracking"",""h"": ""27.47,1.32,-14.64"",""l"": ""0.00,0.00,0.00"",""r"": ""0.00,0.00,0.00""}"
15,Baseline,False,268.5101,gaze_sample,"{""target"": ""room-small""}"
15,Baseline,False,268.6212,gaze_sample,"{""target"": ""room-small""}"
15,Baseline,False,268.7184,head_tracking,"{""input_type"": ""HandTracking"",""h"": ""27.48,1.32,-14.64"",""l"": ""0.00,0.00,0.00"",""r"": ""0.00,0.00,0.00""}"
15,Baseline,False,268.7323,gaze_sample,"{""target"": ""room-small""}"
15,Baseline,False,268.8433,gaze_sample,"{""target"": ""room-small""}"
15,Baseline,False,268.9267,head_tracking,"{""input_type"": ""HandTracking"",""h"": ""27.48,1.32,-14.64"",""l"": ""0.00,0.00,0.00"",""r"": ""0.00,0.00,0.00""}"
15,Baseline,False,268.9543,gaze_sample,"{""target"": ""room-small""}"
15,Baseline,False,268.9684,battery_sorted,"{""total"": 5}"
15,Baseline,False,269.0657,gaze_sample,"{""target"": ""room-small""}"
15,Baseline,False,269.135,head_tracking,"{""input_type"": ""HandTracking"",""h"": ""27.48,1.32,-14.64"",""l"": ""0.00,0.00,0.00"",""r"": ""0.00,0.00,0.00""}"
15,Baseline,False,269.1767,gaze_sample,"{""target"": ""room-small""}"
15,Baseline,False,269.2881,gaze_sample,"{""target"": ""room-small""}"
15,Baseline,False,269.3441,head_tracking,"{""input_type"": ""HandTracking"",""h"": ""27.46,1.32,-14.63"",""l"": ""0.00,0.00,0.00"",""r"": ""0.00,0.00,0.00""}"
15,Baseline,False,269.3988,gaze_sample,"{""target"": ""room-small""}"
15,Baseline,False,269.5102,gaze_sample,"{""target"": ""room-small""}"
15,Baseline,False,269.5515,head_tracking,"{""input_type"": ""HandTracking"",""h"": ""27.44,1.33,-14.62"",""l"": ""0.00,0.00,0.00"",""r"": ""0.00,0.00,0.00""}"
15,Baseline,False,269.6211,gaze_sample,"{""target"": ""room-small""}"
15,Baseline,False,269.732,gaze_sample,"{""target"": ""room-small""}"
15,Baseline,False,269.76,head_tracking,"{""input_type"": ""HandTracking"",""h"": ""27.40,1.33,-14.62"",""l"": ""0.00,0.00,0.00"",""r"": ""0.00,0.00,0.00""}"
15,Baseline,False,269.9541,gaze_sample,"{""target"": ""room-small""}"
15,Baseline,False,269.9683,head_tracking,"{""input_type"": ""HandTracking"",""h"": ""27.32,1.33,-14.63"",""l"": ""0.00,0.00,0.00"",""r"": ""0.00,0.00,0.00""}"
15,Baseline,False,270.0656,gaze_sample,"{""target"": ""room-small""}"
15,Baseline,False,270.1768,head_tracking,"{""input_type"": ""HandTracking"",""h"": ""27.29,1.34,-14.61"",""l"": ""0.00,0.00,0.00"",""r"": ""0.00,0.00,0.00""}"
15,Baseline,False,270.1768,gaze_sample,"{""target"": ""room-small""}"
15,Baseline,False,270.288,gaze_sample,"{""target"": ""P_R_H Battery (2)""}"
15,Baseline,False,270.3851,head_tracking,"{""input_type"": ""HandTracking"",""h"": ""27.28,1.34,-14.60"",""l"": ""0.00,0.00,0.00"",""r"": ""0.00,0.00,0.00""}"
15,Baseline,False,270.399,gaze_sample,"{""target"": ""P_R_H Battery (2)""}"
15,Baseline,False,270.51,gaze_sample,"{""target"": ""room-small""}"
15,Baseline,False,270.5938,head_tracking,"{""input_type"": ""HandTracking"",""h"": ""27.28,1.34,-14.59"",""l"": ""0.00,0.00,0.00"",""r"": ""0.00,0.00,0.00""}"
15,Baseline,False,270.6213,gaze_sample,"{""target"": ""room-small""}"
15,Baseline,False,270.6629,interaction,"{""item"": ""P_R_H Battery (2)"", ""action"": ""grab""}"
15,Baseline,False,270.7323,gaze_sample,"{""target"": ""P_R_H Battery (2)""}"
15,Baseline,False,270.8028,head_tracking,"{""input_type"": ""HandTracking"",""h"": ""27.28,1.34,-14.58"",""l"": ""0.00,0.00,0.00"",""r"": ""0.00,0.00,0.00""}"
15,Baseline,False,270.8432,gaze_sample,"{""target"": ""P_R_H Battery (2)""}"
15,Baseline,False,270.9547,gaze_sample,"{""target"": ""P_R_H Battery (2)""}"
15,Baseline,False,271.0102,head_tracking,"{""input_type"": ""HandTracking"",""h"": ""27.27,1.34,-14.57"",""l"": ""0.00,0.00,0.00"",""r"": ""0.00,0.00,0.00""}"
15,Baseline,False,271.0658,gaze_sample,"{""target"": ""P_R_H Battery (2)""}"
15,Baseline,False,271.1767,gaze_sample,"{""target"": ""P_R_H Battery (2)""}"
15,Baseline,False,271.2186,head_tracking,"{""input_type"": ""HandTracking"",""h"": ""27.28,1.34,-14.57"",""l"": ""0.00,0.00,0.00"",""r"": ""0.00,0.00,0.00""}"
15,Baseline,False,271.288,gaze_sample,"{""target"": ""P_R_H Battery (2)""}"
15,Baseline,False,271.3987,gaze_sample,"{""target"": ""P_R_H Battery (2)""}"
15,Baseline,False,271.4265,head_tracking,"{""input_type"": ""HandTracking"",""h"": ""27.30,1.34,-14.57"",""l"": ""0.00,0.00,0.00"",""r"": ""0.00,0.00,0.00""}"
15,Baseline,False,271.5097,gaze_sample,"{""target"": ""P_R_H Battery (2)""}"
15,Baseline,False,271.621,gaze_sample,"{""target"": ""P_R_H Battery (2)""}"
15,Baseline,False,271.6349,head_tracking,"{""input_type"": ""HandTracking"",""h"": ""27.32,1.33,-14.56"",""l"": ""0.00,0.00,0.00"",""r"": ""0.00,0.00,0.00""}"
15,Baseline,False,271.7319,gaze_sample,"{""target"": ""P_R_H Battery (2)""}"
15,Baseline,False,271.8433,head_tracking,"{""input_type"": ""HandTracking"",""h"": ""27.31,1.33,-14.56"",""l"": ""0.00,0.00,0.00"",""r"": ""0.00,0.00,0.00""}"
15,Baseline,False,271.8433,gaze_sample,"{""target"": ""room-small""}"
15,Baseline,False,271.9544,gaze_sample,"{""target"": ""room-small""}"
15,Baseline,False,272.0516,head_tracking,"{""input_type"": ""HandTracking"",""h"": ""27.31,1.33,-14.56"",""l"": ""0.00,0.00,0.00"",""r"": ""0.00,0.00,0.00""}"
15,Baseline,False,272.0653,gaze_sample,"{""target"": ""room-small""}"
15,Baseline,False,272.1764,gaze_sample,"{""target"": ""room-small""}"
15,Baseline,False,272.2597,head_tracking,"{""input_type"": ""HandTracking"",""h"": ""27.31,1.33,-14.56"",""l"": ""0.00,0.00,0.00"",""r"": ""0.00,0.00,0.00""}"
15,Baseline,False,272.2874,gaze_sample,"{""target"": ""room-small""}"
15,Baseline,False,272.3984,gaze_sample,"{""target"": ""room-small""}"
15,Baseline,False,272.468,head_tracking,"{""input_type"": ""HandTracking"",""h"": ""27.31,1.33,-14.56"",""l"": ""0.00,0.00,0.00"",""r"": ""0.00,0.00,0.00""}"
15,Baseline,False,272.5098,gaze_sample,"{""target"": ""room-small""}"
15,Baseline,False,272.6208,gaze_sample,"{""target"": ""room-small""}"
15,Baseline,False,272.6762,head_tracking,"{""input_type"": ""HandTracking"",""h"": ""27.31,1.33,-14.56"",""l"": ""0.00,0.00,0.00"",""r"": ""0.00,0.00,0.00""}"
15,Baseline,False,272.7315,gaze_sample,"{""target"": ""room-small""}"
15,Baseline,False,272.8428,gaze_sample,"{""target"": ""room-small""}"
15,Baseline,False,272.8845,head_tracking,"{""input_type"": ""HandTracking"",""h"": ""27.32,1.33,-14.56"",""l"": ""0.00,0.00,0.00"",""r"": ""0.00,0.00,0.00""}"
15,Baseline,False,272.9539,gaze_sample,"{""target"": ""room-small""}"
15,Baseline,False,273.0648,gaze_sample,"{""target"": ""room-small""}"
15,Baseline,False,273.0928,head_tracking,"{""input_type"": ""HandTracking"",""h"": ""27.32,1.33,-14.56"",""l"": ""0.00,0.00,0.00"",""r"": ""0.00,0.00,0.00""}"
15,Baseline,False,273.1761,gaze_sample,"{""target"": ""room-small""}"
15,Baseline,False,273.3011,head_tracking,"{""input_type"": ""HandTracking"",""h"": ""27.28,1.33,-14.58"",""l"": ""0.00,0.00,0.00"",""r"": ""0.00,0.00,0.00""}"
15,Baseline,False,273.3985,gaze_sample,"{""target"": ""room-small""}"
15,Baseline,False,273.5098,head_tracking,"{""input_type"": ""HandTracking"",""h"": ""27.23,1.34,-14.57"",""l"": ""0.00,0.00,0.00"",""r"": ""0.00,0.00,0.00""}"
15,Baseline,False,273.5098,gaze_sample,"{""target"": ""room-small""}"
15,Baseline,False,273.6209,gaze_sample,"{""target"": ""P_R_H Battery""}"
15,Baseline,False,273.7182,head_tracking,"{""input_type"": ""HandTracking"",""h"": ""27.22,1.34,-14.55"",""l"": ""0.00,0.00,0.00"",""r"": ""0.00,0.00,0.00""}"
15,Baseline,False,273.7324,gaze_sample,"{""target"": ""P_R_H Battery""}"
15,Baseline,False,273.8431,gaze_sample,"{""target"": ""P_R_H Battery""}"
15,Baseline,False,273.9264,head_tracking,"{""input_type"": ""HandTracking"",""h"": ""27.22,1.34,-14.55"",""l"": ""0.00,0.00,0.00"",""r"": ""0.00,0.00,0.00""}"
15,Baseline,False,273.9542,gaze_sample,"{""target"": ""P_R_H Battery""}"
15,Baseline,False,274.0652,gaze_sample,"{""target"": ""P_R_H Battery""}"
15,Baseline,False,274.1349,head_tracking,"{""input_type"": ""HandTracking"",""h"": ""27.23,1.35,-14.55"",""l"": ""0.00,0.00,0.00"",""r"": ""0.00,0.00,0.00""}"
15,Baseline,False,274.1766,gaze_sample,"{""target"": ""room-small""}"
15,Baseline,False,274.2881,gaze_sample,"{""target"": ""room-small""}"
15,Baseline,False,274.343,head_tracking,"{""input_type"": ""HandTracking"",""h"": ""27.25,1.35,-14.56"",""l"": ""0.00,0.00,0.00"",""r"": ""0.00,0.00,0.00""}"
15,Baseline,False,274.3986,gaze_sample,"{""target"": ""room-small""}"
15,Baseline,False,274.5097,gaze_sample,"{""target"": ""room-small""}"
15,Baseline,False,274.5515,head_tracking,"{""input_type"": ""HandTracking"",""h"": ""27.28,1.35,-14.56"",""l"": ""0.00,0.00,0.00"",""r"": ""0.00,0.00,0.00""}"
15,Baseline,False,274.621,gaze_sample,"{""target"": ""gate-door (1)""}"
15,Baseline,False,274.7596,head_tracking,"{""input_type"": ""HandTracking"",""h"": ""27.29,1.35,-14.55"",""l"": ""0.00,0.00,0.00"",""r"": ""0.00,0.00,0.00""}"
15,Baseline,False,274.9679,head_tracking,"{""input_type"": ""HandTracking"",""h"": ""27.30,1.35,-14.55"",""l"": ""0.00,0.00,0.00"",""r"": ""0.00,0.00,0.00""}"
15,Baseline,False,275.176,head_tracking,"{""input_type"": ""HandTracking"",""h"": ""27.30,1.35,-14.55"",""l"": ""0.00,0.00,0.00"",""r"": ""0.00,0.00,0.00""}"
15,Baseline,False,275.2872,gaze_sample,"{""target"": ""gate-door (1)""}"
15,Baseline,False,275.3844,head_tracking,"{""input_type"": ""HandTracking"",""h"": ""27.31,1.35,-14.55"",""l"": ""0.00,0.00,0.00"",""r"": ""0.00,0.00,0.00""}"
15,Baseline,False,275.3982,gaze_sample,"{""target"": ""gate-door (1)""}"
15,Baseline,False,275.5095,gaze_sample,"{""target"": ""gate-door (1)""}"
15,Baseline,False,275.5925,head_tracking,"{""input_type"": ""HandTracking"",""h"": ""27.32,1.34,-14.56"",""l"": ""0.00,0.00,0.00"",""r"": ""0.00,0.00,0.00""}"
15,Baseline,False,275.6205,gaze_sample,"{""target"": ""gate-door (1)""}"
15,Baseline,False,275.7317,gaze_sample,"{""target"": ""gate-door (1)""}"
15,Baseline,False,275.8011,head_tracking,"{""input_type"": ""HandTracking"",""h"": ""27.31,1.34,-14.57"",""l"": ""0.00,0.00,0.00"",""r"": ""0.00,0.00,0.00""}"
15,Baseline,False,275.8428,gaze_sample,"{""target"": ""gate-door (1)""}"
15,Baseline,False,275.954,gaze_sample,"{""target"": ""gate-door (1)""}"
15,Baseline,False,276.0094,head_tracking,"{""input_type"": ""HandTracking"",""h"": ""27.29,1.34,-14.58"",""l"": ""0.00,0.00,0.00"",""r"": ""0.00,0.00,0.00""}"
15,Baseline,False,276.065,gaze_sample,"{""target"": ""gate-door (1)""}"
15,Baseline,False,276.1759,gaze_sample,"{""target"": ""room-small""}"
15,Baseline,False,276.2177,head_tracking,"{""input_type"": ""HandTracking"",""h"": ""27.29,1.34,-14.58"",""l"": ""0.00,0.00,0.00"",""r"": ""0.00,0.00,0.00""}"
15,Baseline,False,276.2871,gaze_sample,"{""target"": ""room-small""}"
15,Baseline,False,276.3981,gaze_sample,"{""target"": ""room-small""}"
15,Baseline,False,276.4258,head_tracking,"{""input_type"": ""HandTracking"",""h"": ""27.29,1.33,-14.58"",""l"": ""0.00,0.00,0.00"",""r"": ""0.00,0.00,0.00""}"
15,Baseline,False,276.5093,gaze_sample,"{""target"": ""room-small""}"
15,Baseline,False,276.6204,gaze_sample,"{""target"": ""room-small""}"
15,Baseline,False,276.6342,head_tracking,"{""input_type"": ""HandTracking"",""h"": ""27.30,1.33,-14.58"",""l"": ""0.00,0.00,0.00"",""r"": ""0.00,0.00,0.00""}"
15,Baseline,False,276.7316,gaze_sample,"{""target"": ""room-small""}"
15,Baseline,False,276.8426,head_tracking,"{""input_type"": ""HandTracking"",""h"": ""27.30,1.32,-14.58"",""l"": ""0.00,0.00,0.00"",""r"": ""0.00,0.00,0.00""}"
15,Baseline,False,276.8426,gaze_sample,"{""target"": ""room-small""}"
15,Baseline,False,276.9537,gaze_sample,"{""target"": ""room-small""}"
15,Baseline,False,277.051,head_tracking,"{""input_type"": ""HandTracking"",""h"": ""27.30,1.32,-14.57"",""l"": ""0.00,0.00,0.00"",""r"": ""0.00,0.00,0.00""}"
15,Baseline,False,277.0648,gaze_sample,"{""target"": ""room-small""}"
15,Baseline,False,277.176,gaze_sample,"{""target"": ""room-small""}"
15,Baseline,False,277.259,head_tracking,"{""input_type"": ""HandTracking"",""h"": ""27.31,1.32,-14.57"",""l"": ""0.00,0.00,0.00"",""r"": ""0.00,0.00,0.00""}"
15,Baseline,False,277.2868,gaze_sample,"{""target"": ""room-small""}"
15,Baseline,False,277.3982,gaze_sample,"{""target"": ""room-small""}"
15,Baseline,False,277.4676,head_tracking,"{""input_type"": ""HandTracking"",""h"": ""27.30,1.32,-14.57"",""l"": ""0.00,0.00,0.00"",""r"": ""0.00,0.00,0.00""}"
15,Baseline,False,277.5099,gaze_sample,"{""target"": ""room-small""}"
15,Baseline,False,277.6202,gaze_sample,"{""target"": ""room-small""}"
15,Baseline,False,277.676,head_tracking,"{""input_type"": ""HandTracking"",""h"": ""27.29,1.32,-14.57"",""l"": ""0.00,0.00,0.00"",""r"": ""0.00,0.00,0.00""}"
15,Baseline,False,277.7315,gaze_sample,"{""target"": ""room-small""}"
15,Baseline,False,277.8425,gaze_sample,"{""target"": ""room-small""}"
15,Baseline,False,277.8842,head_tracking,"{""input_type"": ""HandTracking"",""h"": ""27.29,1.32,-14.57"",""l"": ""0.00,0.00,0.00"",""r"": ""0.00,0.00,0.00""}"
15,Baseline,False,277.9536,gaze_sample,"{""target"": ""room-small""}"
15,Baseline,False,278.0661,gaze_sample,"{""target"": ""room-small""}"
15,Baseline,False,278.0924,head_tracking,"{""input_type"": ""HandTracking"",""h"": ""27.29,1.32,-14.57"",""l"": ""0.00,0.00,0.00"",""r"": ""0.00,0.00,0.00""}"
15,Baseline,False,278.1758,gaze_sample,"{""target"": ""room-small""}"
15,Baseline,False,278.2868,gaze_sample,"{""target"": ""room-small""}"
15,Baseline,False,278.3007,head_tracking,"{""input_type"": ""HandTracking"",""h"": ""27.29,1.32,-14.57"",""l"": ""0.00,0.00,0.00"",""r"": ""0.00,0.00,0.00""}"
15,Baseline,False,278.3983,gaze_sample,"{""target"": ""room-small""}"
15,Baseline,False,278.5089,head_tracking,"{""input_type"": ""HandTracking"",""h"": ""27.29,1.32,-14.57"",""l"": ""0.00,0.00,0.00"",""r"": ""0.00,0.00,0.00""}"
15,Baseline,False,278.5089,gaze_sample,"{""target"": ""room-small""}"
15,Baseline,False,278.6203,gaze_sample,"{""target"": ""room-small""}"
15,Baseline,False,278.7178,head_tracking,"{""input_type"": ""HandTracking"",""h"": ""27.29,1.32,-14.57"",""l"": ""0.00,0.00,0.00"",""r"": ""0.00,0.00,0.00""}"
15,Baseline,False,278.7306,gaze_sample,"{""target"": ""room-small""}"
15,Baseline,False,278.8419,gaze_sample,"{""target"": ""room-small""}"
15,Baseline,False,278.9253,head_tracking,"{""input_type"": ""HandTracking"",""h"": ""27.29,1.32,-14.57"",""l"": ""0.00,0.00,0.00"",""r"": ""0.00,0.00,0.00""}"
15,Baseline,False,278.953,gaze_sample,"{""target"": ""room-small""}"
15,Baseline,False,279.0644,gaze_sample,"{""target"": ""room-small""}"
15,Baseline,False,279.1336,head_tracking,"{""input_type"": ""HandTracking"",""h"": ""27.29,1.32,-14.57"",""l"": ""0.00,0.00,0.00"",""r"": ""0.00,0.00,0.00""}"
15,Baseline,False,279.1753,gaze_sample,"{""target"": ""room-small""}"
15,Baseline,False,279.2863,gaze_sample,"{""target"": ""room-small""}"
15,Baseline,False,279.342,head_tracking,"{""input_type"": ""HandTracking"",""h"": ""27.29,1.32,-14.57"",""l"": ""0.00,0.00,0.00"",""r"": ""0.00,0.00,0.00""}"
15,Baseline,False,279.3974,gaze_sample,"{""target"": ""room-small""}"
15,Baseline,False,279.5086,gaze_sample,"{""target"": ""room-small""}"
15,Baseline,False,279.5501,head_tracking,"{""input_type"": ""HandTracking"",""h"": ""27.29,1.32,-14.57"",""l"": ""0.00,0.00,0.00"",""r"": ""0.00,0.00,0.00""}"
15,Baseline,False,279.6197,gaze_sample,"{""target"": ""room-small""}"
15,Baseline,False,279.7307,gaze_sample,"{""target"": ""room-small""}"
15,Baseline,False,279.7586,head_tracking,"{""input_type"": ""HandTracking"",""h"": ""27.29,1.32,-14.57"",""l"": ""0.00,0.00,0.00"",""r"": ""0.00,0.00,0.00""}"
15,Baseline,False,279.842,gaze_sample,"{""target"": ""room-small""}"
15,Baseline,False,279.9533,gaze_sample,"{""target"": ""room-small""}"
15,Baseline,False,279.9672,head_tracking,"{""input_type"": ""HandTracking"",""h"": ""27.28,1.32,-14.57"",""l"": ""0.00,0.00,0.00"",""r"": ""0.00,0.00,0.00""}"
15,Baseline,False,280.0644,gaze_sample,"{""target"": ""room-small""}"
15,Baseline,False,280.1757,head_tracking,"{""input_type"": ""HandTracking"",""h"": ""27.26,1.32,-14.56"",""l"": ""0.00,0.00,0.00"",""r"": ""0.00,0.00,0.00""}"
15,Baseline,False,280.1757,gaze_sample,"{""target"": ""room-small""}"
15,Baseline,False,280.2865,gaze_sample,"{""target"": ""room-small""}"
15,Baseline,False,280.3841,head_tracking,"{""input_type"": ""HandTracking"",""h"": ""27.26,1.32,-14.56"",""l"": ""0.00,0.00,0.00"",""r"": ""0.00,0.00,0.00""}"
15,Baseline,False,280.3979,gaze_sample,"{""target"": ""room-small""}"
15,Baseline,False,280.5092,gaze_sample,"{""target"": ""room-small""}"
15,Baseline,False,280.5924,head_tracking,"{""input_type"": ""HandTracking"",""h"": ""27.27,1.31,-14.56"",""l"": ""0.00,0.00,0.00"",""r"": ""0.00,0.00,0.00""}"
15,Baseline,False,280.6202,gaze_sample,"{""target"": ""room-small""}"
15,Baseline,False,280.7313,gaze_sample,"{""target"": ""room-small""}"
15,Baseline,False,280.8007,head_tracking,"{""input_type"": ""HandTracking"",""h"": ""27.26,1.31,-14.57"",""l"": ""0.00,0.00,0.00"",""r"": ""0.00,0.00,0.00""}"
15,Baseline,False,280.8429,gaze_sample,"{""target"": ""gate-door (1)""}"
15,Baseline,False,280.9536,gaze_sample,"{""target"": ""gate-door (1)""}"
15,Baseline,False,281.0092,head_tracking,"{""input_type"": ""HandTracking"",""h"": ""27.26,1.31,-14.57"",""l"": ""0.00,0.00,0.00"",""r"": ""0.00,0.00,0.00""}"
15,Baseline,False,281.0645,gaze_sample,"{""target"": ""room-small""}"
15,Baseline,False,281.1758,gaze_sample,"{""target"": ""room-small""}"
15,Baseline,False,281.2177,head_tracking,"{""input_type"": ""HandTracking"",""h"": ""27.27,1.31,-14.56"",""l"": ""0.00,0.00,0.00"",""r"": ""0.00,0.00,0.00""}"
15,Baseline,False,281.287,gaze_sample,"{""target"": ""room-small""}"
15,Baseline,False,281.398,gaze_sample,"{""target"": ""room-small""}"
15,Baseline,False,281.4257,head_tracking,"{""input_type"": ""HandTracking"",""h"": ""27.28,1.31,-14.56"",""l"": ""0.00,0.00,0.00"",""r"": ""0.00,0.00,0.00""}"
15,Baseline,False,281.509,gaze_sample,"{""target"": ""room-small""}"
15,Baseline,False,281.6202,gaze_sample,"{""target"": ""room-small""}"
15,Baseline,False,281.6339,head_tracking,"{""input_type"": ""HandTracking"",""h"": ""27.28,1.31,-14.56"",""l"": ""0.00,0.00,0.00"",""r"": ""0.00,0.00,0.00""}"
15,Baseline,False,281.7311,gaze_sample,"{""target"": ""room-small""}"
15,Baseline,False,281.8423,head_tracking,"{""input_type"": ""HandTracking"",""h"": ""27.28,1.31,-14.56"",""l"": ""0.00,0.00,0.00"",""r"": ""0.00,0.00,0.00""}"
15,Baseline,False,281.8423,gaze_sample,"{""target"": ""room-small""}"
15,Baseline,False,281.9531,gaze_sample,"{""target"": ""Sci-fi platform-fbx (5)""}"
15,Baseline,False,282.0504,head_tracking,"{""input_type"": ""HandTracking"",""h"": ""30.87,1.31,-17.05"",""l"": ""0.00,0.00,0.00"",""r"": ""0.00,0.00,0.00""}"
15,Baseline,False,282.0644,gaze_sample,"{""target"": ""Sci-fi platform-fbx (5)""}"
15,Baseline,False,282.1759,gaze_sample,"{""target"": ""Sci-fi platform-fbx (5)""}"
15,Baseline,False,282.2589,head_tracking,"{""input_type"": ""HandTracking"",""h"": ""30.87,1.31,-17.06"",""l"": ""0.00,0.00,0.00"",""r"": ""0.00,0.00,0.00""}"
15,Baseline,False,282.2867,gaze_sample,"{""target"": ""Sci-fi platform-fbx (5)""}"
15,Baseline,False,282.398,gaze_sample,"{""target"": ""Sci-fi platform-fbx (5)""}"
15,Baseline,False,282.4673,head_tracking,"{""input_type"": ""HandTracking"",""h"": ""30.87,1.31,-17.06"",""l"": ""0.00,0.00,0.00"",""r"": ""0.00,0.00,0.00""}"
15,Baseline,False,282.5088,gaze_sample,"{""target"": ""Sci-fi platform-fbx (5)""}"
15,Baseline,False,282.62,gaze_sample,"{""target"": ""room-small""}"
15,Baseline,False,282.6754,head_tracking,"{""input_type"": ""HandTracking"",""h"": ""30.87,1.31,-17.04"",""l"": ""0.00,0.00,0.00"",""r"": ""0.00,0.00,0.00""}"
15,Baseline,False,282.731,gaze_sample,"{""target"": ""room-small""}"
15,Baseline,False,282.8431,gaze_sample,"{""target"": ""template-wall (1)""}"
15,Baseline,False,282.8837,head_tracking,"{""input_type"": ""HandTracking"",""h"": ""30.88,1.30,-17.05"",""l"": ""0.00,0.00,0.00"",""r"": ""0.00,0.00,0.00""}"
15,Baseline,False,282.9533,gaze_sample,"{""target"": ""template-wall (1)""}"
15,Baseline,False,283.0643,gaze_sample,"{""target"": ""template-wall (1)""}"
15,Baseline,False,283.0919,head_tracking,"{""input_type"": ""HandTracking"",""h"": ""30.87,1.29,-17.08"",""l"": ""0.00,0.00,0.00"",""r"": ""0.00,0.00,0.00""}"
15,Baseline,False,283.1749,gaze_sample,"{""target"": ""template-wall (1)""}"
15,Baseline,False,283.2858,gaze_sample,"{""target"": ""template-wall (1)""}"
15,Baseline,False,283.2994,head_tracking,"{""input_type"": ""HandTracking"",""h"": ""30.89,1.30,-17.12"",""l"": ""0.00,0.00,0.00"",""r"": ""0.00,0.00,0.00""}"
15,Baseline,False,283.3966,gaze_sample,"{""target"": ""template-wall (1)""}"
15,Baseline,False,283.5075,head_tracking,"{""input_type"": ""HandTracking"",""h"": ""30.90,1.29,-17.12"",""l"": ""0.00,0.00,0.00"",""r"": ""0.00,0.00,0.00""}"
15,Baseline,False,283.5075,gaze_sample,"{""target"": ""template-wall (1)""}"
15,Baseline,False,283.6187,gaze_sample,"{""target"": ""Cube""}"
15,Baseline,False,283.7157,head_tracking,"{""input_type"": ""HandTracking"",""h"": ""30.88,1.27,-17.10"",""l"": ""0.00,0.00,0.00"",""r"": ""0.00,0.00,0.00""}"
15,Baseline,False,283.7298,gaze_sample,"{""target"": ""Cube""}"
15,Baseline,False,283.8406,gaze_sample,"{""target"": ""Cube""}"
15,Baseline,False,283.924,head_tracking,"{""input_type"": ""HandTracking"",""h"": ""30.87,1.27,-17.12"",""l"": ""0.00,0.00,0.00"",""r"": ""0.00,0.00,0.00""}"
15,Baseline,False,283.9528,gaze_sample,"{""target"": ""Cube""}"
15,Baseline,False,284.0627,gaze_sample,"{""target"": ""Cube""}"
15,Baseline,False,284.1323,head_tracking,"{""input_type"": ""HandTracking"",""h"": ""30.87,1.26,-17.13"",""l"": ""0.00,0.00,0.00"",""r"": ""0.00,0.00,0.00""}"
15,Baseline,False,284.1461,interaction,"{""item"": ""P_R_H Battery (2)"", ""action"": ""grab""}"
15,Baseline,False,284.1738,gaze_sample,"{""target"": ""Cube""}"
15,Baseline,False,284.2853,gaze_sample,"{""target"": ""P_R_H Battery (2)""}"
15,Baseline,False,284.3405,head_tracking,"{""input_type"": ""HandTracking"",""h"": ""30.87,1.27,-17.12"",""l"": ""0.00,0.00,0.00"",""r"": ""0.00,0.00,0.00""}"
15,Baseline,False,284.3962,gaze_sample,"{""target"": ""P_R_H Battery (2)""}"
15,Baseline,False,284.5076,gaze_sample,"{""target"": ""P_R_H Battery (2)""}"
15,Baseline,False,284.5491,head_tracking,"{""input_type"": ""HandTracking"",""h"": ""30.88,1.28,-17.12"",""l"": ""0.00,0.00,0.00"",""r"": ""0.00,0.00,0.00""}"
15,Baseline,False,284.6191,gaze_sample,"{""target"": ""P_R_H Battery (2)""}"
15,Baseline,False,284.7303,gaze_sample,"{""target"": ""template-wall (1)""}"
15,Baseline,False,284.7582,head_tracking,"{""input_type"": ""HandTracking"",""h"": ""30.87,1.31,-17.12"",""l"": ""0.00,0.00,0.00"",""r"": ""0.00,0.00,0.00""}"
15,Baseline,False,284.8419,gaze_sample,"{""target"": ""room-small""}"
15,Baseline,False,284.953,gaze_sample,"{""target"": ""Sci-fi platform-fbx (5)""}"
15,Baseline,False,284.967,head_tracking,"{""input_type"": ""HandTracking"",""h"": ""30.83,1.34,-17.14"",""l"": ""0.00,0.00,0.00"",""r"": ""0.00,0.00,0.00""}"
15,Baseline,False,285.0643,gaze_sample,"{""target"": ""Sci-fi platform-fbx (5)""}"
15,Baseline,False,285.1752,head_tracking,"{""input_type"": ""HandTracking"",""h"": ""30.80,1.35,-17.12"",""l"": ""0.00,0.00,0.00"",""r"": ""0.00,0.00,0.00""}"
15,Baseline,False,285.1752,gaze_sample,"{""target"": ""Sci-fi platform-fbx (5)""}"
15,Baseline,False,285.2863,gaze_sample,"{""target"": ""P_R_H Battery (2)""}"
15,Baseline,False,285.3837,head_tracking,"{""input_type"": ""HandTracking"",""h"": ""30.79,1.36,-17.10"",""l"": ""0.00,0.00,0.00"",""r"": ""0.00,0.00,0.00""}"
15,Baseline,False,285.3976,gaze_sample,"{""target"": ""P_R_H Battery (2)""}"
15,Baseline,False,285.5084,gaze_sample,"{""target"": ""P_R_H Battery (2)""}"
15,Baseline,False,285.5919,head_tracking,"{""input_type"": ""HandTracking"",""h"": ""30.79,1.36,-17.09"",""l"": ""0.00,0.00,0.00"",""r"": ""0.00,0.00,0.00""}"
15,Baseline,False,285.6202,gaze_sample,"{""target"": ""P_R_H Battery (2)""}"
15,Baseline,False,285.7307,gaze_sample,"{""target"": ""P_R_H Battery (2)""}"
15,Baseline,False,285.8003,head_tracking,"{""input_type"": ""HandTracking"",""h"": ""30.80,1.36,-17.08"",""l"": ""0.00,0.00,0.00"",""r"": ""0.00,0.00,0.00""}"
15,Baseline,False,285.842,gaze_sample,"{""target"": ""P_R_H Battery (2)""}"
15,Baseline,False,285.9529,gaze_sample,"{""target"": ""P_R_H Battery (2)""}"
15,Baseline,False,286.0087,head_tracking,"{""input_type"": ""HandTracking"",""h"": ""30.80,1.36,-17.08"",""l"": ""0.00,0.00,0.00"",""r"": ""0.00,0.00,0.00""}"
15,Baseline,False,286.0658,gaze_sample,"{""target"": ""P_R_H Battery (2)""}"
15,Baseline,False,286.1753,gaze_sample,"{""target"": ""P_R_H Battery (2)""}"
15,Baseline,False,286.2169,head_tracking,"{""input_type"": ""HandTracking"",""h"": ""30.80,1.36,-17.08"",""l"": ""0.00,0.00,0.00"",""r"": ""0.00,0.00,0.00""}"
15,Baseline,False,286.2864,gaze_sample,"{""target"": ""P_R_H Battery (2)""}"
15,Baseline,False,286.3975,gaze_sample,"{""target"": ""P_R_H Battery (2)""}"
15,Baseline,False,286.4254,head_tracking,"{""input_type"": ""HandTracking"",""h"": ""30.81,1.35,-17.08"",""l"": ""0.00,0.00,0.00"",""r"": ""0.00,0.00,0.00""}"
15,Baseline,False,286.5085,gaze_sample,"{""target"": ""P_R_H Battery (2)""}"
15,Baseline,False,286.6196,gaze_sample,"{""target"": ""P_R_H Battery (2)""}"
15,Baseline,False,286.6333,head_tracking,"{""input_type"": ""HandTracking"",""h"": ""30.80,1.35,-17.08"",""l"": ""0.00,0.00,0.00"",""r"": ""0.00,0.00,0.00""}"
15,Baseline,False,286.7304,gaze_sample,"{""target"": ""Sci-fi platform-fbx (5)""}"
15,Baseline,False,286.8418,head_tracking,"{""input_type"": ""HandTracking"",""h"": ""30.80,1.35,-17.08"",""l"": ""0.00,0.00,0.00"",""r"": ""0.00,0.00,0.00""}"
15,Baseline,False,286.8418,gaze_sample,"{""target"": ""Sci-fi platform-fbx (5)""}"
15,Baseline,False,286.953,gaze_sample,"{""target"": ""Sci-fi platform-fbx (5)""}"
15,Baseline,False,287.0504,head_tracking,"{""input_type"": ""HandTracking"",""h"": ""30.81,1.35,-17.08"",""l"": ""0.00,0.00,0.00"",""r"": ""0.00,0.00,0.00""}"
15,Baseline,False,287.0643,gaze_sample,"{""target"": ""Sci-fi platform-fbx (5)""}"
15,Baseline,False,287.1754,gaze_sample,"{""target"": ""Sci-fi platform-fbx (5)""}"
15,Baseline,False,287.2597,head_tracking,"{""input_type"": ""HandTracking"",""h"": ""30.84,1.34,-17.09"",""l"": ""0.00,0.00,0.00"",""r"": ""0.00,0.00,0.00""}"
15,Baseline,False,287.2865,gaze_sample,"{""target"": ""Sci-fi platform-fbx (5)""}"
15,Baseline,False,287.3976,gaze_sample,"{""target"": ""Sci-fi platform-fbx (5)""}"
15,Baseline,False,287.4672,head_tracking,"{""input_type"": ""HandTracking"",""h"": ""30.85,1.34,-17.09"",""l"": ""0.00,0.00,0.00"",""r"": ""0.00,0.00,0.00""}"
15,Baseline,False,287.5086,gaze_sample,"{""target"": ""P_R_H Battery (2)""}"
15,Baseline,False,287.6198,gaze_sample,"{""target"": ""Sci-fi platform-fbx (5)""}"
15,Baseline,False,287.6752,head_tracking,"{""input_type"": ""HandTracking"",""h"": ""30.83,1.34,-17.09"",""l"": ""0.00,0.00,0.00"",""r"": ""0.00,0.00,0.00""}"
15,Baseline,False,287.731,gaze_sample,"{""target"": ""Sci-fi platform-fbx (5)""}"
15,Baseline,False,287.8417,gaze_sample,"{""target"": ""Sci-fi platform-fbx (5)""}"
15,Baseline,False,287.8833,head_tracking,"{""input_type"": ""HandTracking"",""h"": ""30.82,1.34,-17.08"",""l"": ""0.00,0.00,0.00"",""r"": ""0.00,0.00,0.00""}"
15,Baseline,False,287.9527,gaze_sample,"{""target"": ""Sci-fi platform-fbx (5)""}"
15,Baseline,False,288.064,gaze_sample,"{""target"": ""Sci-fi platform-fbx (5)""}"
15,Baseline,False,288.0918,head_tracking,"{""input_type"": ""HandTracking"",""h"": ""30.82,1.32,-17.08"",""l"": ""0.00,0.00,0.00"",""r"": ""0.00,0.00,0.00""}"
15,Baseline,False,288.175,gaze_sample,"{""target"": ""Sci-fi platform-fbx (5)""}"
15,Baseline,False,288.286,gaze_sample,"{""target"": ""Sci-fi platform-fbx (5)""}"
15,Baseline,False,288.2999,head_tracking,"{""input_type"": ""HandTracking"",""h"": ""30.82,1.31,-17.08"",""l"": ""0.00,0.00,0.00"",""r"": ""0.00,0.00,0.00""}"
15,Baseline,False,288.3973,gaze_sample,"{""target"": ""Sci-fi platform-fbx (5)""}"
15,Baseline,False,288.5085,head_tracking,"{""input_type"": ""HandTracking"",""h"": ""30.81,1.31,-17.06"",""l"": ""0.00,0.00,0.00"",""r"": ""0.00,0.00,0.00""}"
15,Baseline,False,288.5085,gaze_sample,"{""target"": ""Sci-fi platform-fbx (5)""}"
15,Baseline,False,288.6194,gaze_sample,"{""target"": ""Sci-fi platform-fbx (5)""}"
15,Baseline,False,288.7165,head_tracking,"{""input_type"": ""HandTracking"",""h"": ""30.80,1.31,-17.06"",""l"": ""0.00,0.00,0.00"",""r"": ""0.00,0.00,0.00""}"
15,Baseline,False,288.7303,gaze_sample,"{""target"": ""Sci-fi platform-fbx (5)""}"
15,Baseline,False,288.8415,gaze_sample,"{""target"": ""Sci-fi platform-fbx (5)""}"
15,Baseline,False,288.9248,head_tracking,"{""input_type"": ""HandTracking"",""h"": ""30.79,1.32,-17.06"",""l"": ""0.00,0.00,0.00"",""r"": ""0.00,0.00,0.00""}"
15,Baseline,False,288.9525,gaze_sample,"{""target"": ""Sci-fi platform-fbx (5)""}"
15,Baseline,False,289.0637,gaze_sample,"{""target"": ""Sci-fi platform-fbx (5)""}"
15,Baseline,False,289.133,head_tracking,"{""input_type"": ""HandTracking"",""h"": ""30.80,1.32,-17.06"",""l"": ""0.00,0.00,0.00"",""r"": ""0.00,0.00,0.00""}"
15,Baseline,False,289.1751,gaze_sample,"{""target"": ""Sci-fi platform-fbx (5)""}"
15,Baseline,False,289.286,gaze_sample,"{""target"": ""Sci-fi platform-fbx (5)""}"
15,Baseline,False,289.3416,head_tracking,"{""input_type"": ""HandTracking"",""h"": ""30.81,1.31,-17.06"",""l"": ""0.00,0.00,0.00"",""r"": ""0.00,0.00,0.00""}"
15,Baseline,False,289.3972,gaze_sample,"{""target"": ""Sci-fi platform-fbx (5)""}"
15,Baseline,False,289.4669,interaction,"{""item"": ""P_R_H Battery (2)"", ""action"": ""grab""}"
15,Baseline,False,289.5083,gaze_sample,"{""target"": ""Sci-fi platform-fbx (5)""}"
15,Baseline,False,289.55,head_tracking,"{""input_type"": ""HandTracking"",""h"": ""30.81,1.31,-17.06"",""l"": ""0.00,0.00,0.00"",""r"": ""0.00,0.00,0.00""}"
15,Baseline,False,289.6195,gaze_sample,"{""target"": ""Sci-fi platform-fbx (5)""}"
15,Baseline,False,289.7304,gaze_sample,"{""target"": ""Sci-fi platform-fbx (5)""}"
15,Baseline,False,289.7582,head_tracking,"{""input_type"": ""HandTracking"",""h"": ""30.81,1.31,-17.06"",""l"": ""0.00,0.00,0.00"",""r"": ""0.00,0.00,0.00""}"
15,Baseline,False,289.8415,gaze_sample,"{""target"": ""Sci-fi platform-fbx (5)""}"
15,Baseline,False,289.9524,gaze_sample,"{""target"": ""Sci-fi platform-fbx (5)""}"
15,Baseline,False,289.9664,head_tracking,"{""input_type"": ""HandTracking"",""h"": ""30.80,1.32,-17.06"",""l"": ""0.00,0.00,0.00"",""r"": ""0.00,0.00,0.00""}"
15,Baseline,False,290.0637,gaze_sample,"{""target"": ""Sci-fi platform-fbx (5)""}"
15,Baseline,False,290.1749,head_tracking,"{""input_type"": ""HandTracking"",""h"": ""30.81,1.33,-17.06"",""l"": ""0.00,0.00,0.00"",""r"": ""0.00,0.00,0.00""}"
15,Baseline,False,290.1749,gaze_sample,"{""target"": ""P_R_H Battery (2)""}"
15,Baseline,False,290.286,gaze_sample,"{""target"": ""P_R_H Battery (2)""}"
15,Baseline,False,290.3848,head_tracking,"{""input_type"": ""HandTracking"",""h"": ""30.85,1.33,-17.07"",""l"": ""0.00,0.00,0.00"",""r"": ""0.00,0.00,0.00""}"
15,Baseline,False,290.3971,gaze_sample,"{""target"": ""P_R_H Battery (2)""}"
15,Baseline,False,290.5087,gaze_sample,"{""target"": ""P_R_H Battery (2)""}"
15,Baseline,False,290.5915,head_tracking,"{""input_type"": ""HandTracking"",""h"": ""30.88,1.33,-17.08"",""l"": ""0.00,0.00,0.00"",""r"": ""0.00,0.00,0.00""}"
15,Baseline,False,290.6194,gaze_sample,"{""target"": ""P_R_H Battery (2)""}"
15,Baseline,False,290.7301,gaze_sample,"{""target"": ""P_R_H Battery (2)""}"
15,Baseline,False,290.7996,head_tracking,"{""input_type"": ""HandTracking"",""h"": ""30.89,1.33,-17.08"",""l"": ""0.00,0.00,0.00"",""r"": ""0.00,0.00,0.00""}"
15,Baseline,False,290.8419,gaze_sample,"{""target"": ""Sci-fi platform-fbx (5)""}"
15,Baseline,False,290.9523,gaze_sample,"{""target"": ""Sci-fi platform-fbx (5)""}"
15,Baseline,False,291.0079,head_tracking,"{""input_type"": ""HandTracking"",""h"": ""30.88,1.33,-17.09"",""l"": ""0.00,0.00,0.00"",""r"": ""0.00,0.00,0.00""}"
15,Baseline,False,291.0633,gaze_sample,"{""target"": ""Sci-fi platform-fbx (5)""}"
15,Baseline,False,291.1745,gaze_sample,"{""target"": ""Sci-fi platform-fbx (5)""}"
15,Baseline,False,291.2163,head_tracking,"{""input_type"": ""HandTracking"",""h"": ""30.88,1.32,-17.08"",""l"": ""0.00,0.00,0.00"",""r"": ""0.00,0.00,0.00""}"
15,Baseline,False,291.2857,gaze_sample,"{""target"": ""Sci-fi platform-fbx (5)""}"
15,Baseline,False,291.3973,gaze_sample,"{""target"": ""P_R_H Battery (2)""}"
15,Baseline,False,291.4249,head_tracking,"{""input_type"": ""HandTracking"",""h"": ""30.87,1.31,-17.07"",""l"": ""0.00,0.00,0.00"",""r"": ""0.00,0.00,0.00""}"
15,Baseline,False,291.5082,gaze_sample,"{""target"": ""P_R_H Battery (2)""}"
15,Baseline,False,291.6193,gaze_sample,"{""target"": ""P_R_H Battery (2)""}"
15,Baseline,False,291.6331,head_tracking,"{""input_type"": ""HandTracking"",""h"": ""30.85,1.29,-17.06"",""l"": ""0.00,0.00,0.00"",""r"": ""0.00,0.00,0.00""}"
15,Baseline,False,291.7304,gaze_sample,"{""target"": ""P_R_H Battery (2)""}"
15,Baseline,False,291.8415,head_tracking,"{""input_type"": ""HandTracking"",""h"": ""30.82,1.28,-17.04"",""l"": ""0.00,0.00,0.00"",""r"": ""0.00,0.00,0.00""}"
15,Baseline,False,291.8415,gaze_sample,"{""target"": ""P_R_H Battery (2)""}"
15,Baseline,False,291.9525,gaze_sample,"{""target"": ""P_R_H Battery (2)""}"
15,Baseline,False,292.05,head_tracking,"{""input_type"": ""HandTracking"",""h"": ""30.79,1.28,-17.04"",""l"": ""0.00,0.00,0.00"",""r"": ""0.00,0.00,0.00""}"
15,Baseline,False,292.0637,gaze_sample,"{""target"": ""P_R_H Battery (2)""}"
15,Baseline,False,292.1748,gaze_sample,"{""target"": ""P_R_H Battery (2)""}"
15,Baseline,False,292.2583,head_tracking,"{""input_type"": ""HandTracking"",""h"": ""30.78,1.28,-17.04"",""l"": ""0.00,0.00,0.00"",""r"": ""0.00,0.00,0.00""}"
15,Baseline,False,292.2862,gaze_sample,"{""target"": ""P_R_H Battery (2)""}"
15,Baseline,False,292.3972,gaze_sample,"{""target"": ""P_R_H Battery (2)""}"
15,Baseline,False,292.4674,head_tracking,"{""input_type"": ""HandTracking"",""h"": ""30.77,1.28,-17.04"",""l"": ""0.00,0.00,0.00"",""r"": ""0.00,0.00,0.00""}"
15,Baseline,False,292.5083,gaze_sample,"{""target"": ""P_R_H Battery (2)""}"
15,Baseline,False,292.6193,gaze_sample,"{""target"": ""P_R_H Battery (2)""}"
15,Baseline,False,292.675,head_tracking,"{""input_type"": ""HandTracking"",""h"": ""30.75,1.29,-17.03"",""l"": ""0.00,0.00,0.00"",""r"": ""0.00,0.00,0.00""}"
15,Baseline,False,292.7304,gaze_sample,"{""target"": ""P_R_H Battery (2)""}"
15,Baseline,False,292.8414,gaze_sample,"{""target"": ""P_R_H Battery (2)""}"
15,Baseline,False,292.8829,head_tracking,"{""input_type"": ""HandTracking"",""h"": ""30.74,1.29,-17.03"",""l"": ""0.00,0.00,0.00"",""r"": ""0.00,0.00,0.00""}"
15,Baseline,False,292.9524,gaze_sample,"{""target"": ""P_R_H Battery (2)""}"
15,Baseline,False,293.0635,gaze_sample,"{""target"": ""P_R_H Battery (2)""}"
15,Baseline,False,293.0913,head_tracking,"{""input_type"": ""HandTracking"",""h"": ""30.74,1.29,-17.03"",""l"": ""0.00,0.00,0.00"",""r"": ""0.00,0.00,0.00""}"
15,Baseline,False,293.1747,gaze_sample,"{""target"": ""P_R_H Battery (2)""}"
15,Baseline,False,293.2861,gaze_sample,"{""target"": ""P_R_H Battery (2)""}"
15,Baseline,False,293.2998,head_tracking,"{""input_type"": ""HandTracking"",""h"": ""30.74,1.29,-17.04"",""l"": ""0.00,0.00,0.00"",""r"": ""0.00,0.00,0.00""}"
15,Baseline,False,293.397,gaze_sample,"{""target"": ""P_R_H Battery (2)""}"
15,Baseline,False,293.5081,head_tracking,"{""input_type"": ""HandTracking"",""h"": ""30.74,1.29,-17.04"",""l"": ""0.00,0.00,0.00"",""r"": ""0.00,0.00,0.00""}"
15,Baseline,False,293.5081,gaze_sample,"{""target"": ""P_R_H Battery (2)""}"
15,Baseline,False,293.619,gaze_sample,"{""target"": ""P_R_H Battery (2)""}"
15,Baseline,False,293.7163,head_tracking,"{""input_type"": ""HandTracking"",""h"": ""30.74,1.29,-17.03"",""l"": ""0.00,0.00,0.00"",""r"": ""0.00,0.00,0.00""}"
15,Baseline,False,293.7302,gaze_sample,"{""target"": ""P_R_H Battery (2)""}"
15,Baseline,False,293.8415,gaze_sample,"{""target"": ""P_R_H Battery (2)""}"
15,Baseline,False,293.9247,head_tracking,"{""input_type"": ""HandTracking"",""h"": ""30.74,1.29,-17.03"",""l"": ""0.00,0.00,0.00"",""r"": ""0.00,0.00,0.00""}"
15,Baseline,False,293.9526,gaze_sample,"{""target"": ""P_R_H Battery (2)""}"
15,Baseline,False,293.9805,interaction,"{""item"": ""P_R_H Battery (2)"", ""action"": ""grab""}"
15,Baseline,False,294.0635,gaze_sample,"{""target"": ""Sci-fi platform-fbx (5)""}"
15,Baseline,False,294.1332,head_tracking,"{""input_type"": ""HandTracking"",""h"": ""30.74,1.29,-17.03"",""l"": ""0.00,0.00,0.00"",""r"": ""0.00,0.00,0.00""}"
15,Baseline,False,294.1747,gaze_sample,"{""target"": ""Sci-fi platform-fbx (5)""}"
15,Baseline,False,294.2859,gaze_sample,"{""target"": ""Sci-fi platform-fbx (5)""}"
15,Baseline,False,294.3425,head_tracking,"{""input_type"": ""HandTracking"",""h"": ""30.75,1.29,-17.03"",""l"": ""0.00,0.00,0.00"",""r"": ""0.00,0.00,0.00""}"
15,Baseline,False,294.3967,gaze_sample,"{""target"": ""Sci-fi platform-fbx (5)""}"
15,Baseline,False,294.5079,gaze_sample,"{""target"": ""Sci-fi platform-fbx (5)""}"
15,Baseline,False,294.5493,head_tracking,"{""input_type"": ""HandTracking"",""h"": ""30.75,1.29,-17.03"",""l"": ""0.00,0.00,0.00"",""r"": ""0.00,0.00,0.00""}"
15,Baseline,False,294.6199,gaze_sample,"{""target"": ""Sci-fi platform-fbx (5)""}"
15,Baseline,False,294.7298,gaze_sample,"{""target"": ""P_R_H Battery (2)""}"
15,Baseline,False,294.7577,head_tracking,"{""input_type"": ""HandTracking"",""h"": ""30.76,1.30,-17.02"",""l"": ""0.00,0.00,0.00"",""r"": ""0.00,0.00,0.00""}"
15,Baseline,False,294.8412,gaze_sample,"{""target"": ""P_R_H Battery (2)""}"
15,Baseline,False,294.9524,gaze_sample,"{""target"": ""P_R_H Battery (2)""}"
15,Baseline,False,294.9664,head_tracking,"{""input_type"": ""HandTracking"",""h"": ""30.79,1.31,-17.03"",""l"": ""0.00,0.00,0.00"",""r"": ""0.00,0.00,0.00""}"
15,Baseline,False,295.0636,gaze_sample,"{""target"": ""P_R_H Battery (2)""}"
15,Baseline,False,295.1749,head_tracking,"{""input_type"": ""HandTracking"",""h"": ""30.81,1.31,-17.03"",""l"": ""0.00,0.00,0.00"",""r"": ""0.00,0.00,0.00""}"
15,Baseline,False,295.1749,gaze_sample,"{""target"": ""P_R_H Battery (2)""}"
15,Baseline,False,295.2858,gaze_sample,"{""target"": ""P_R_H Battery (2)""}"
15,Baseline,False,295.3832,head_tracking,"{""input_type"": ""HandTracking"",""h"": ""30.81,1.31,-17.04"",""l"": ""0.00,0.00,0.00"",""r"": ""0.00,0.00,0.00""}"
15,Baseline,False,295.3973,gaze_sample,"{""target"": ""P_R_H Battery (2)""}"
15,Baseline,False,295.508,gaze_sample,"{""target"": ""Sci-fi platform-fbx (5)""}"
15,Baseline,False,295.5911,head_tracking,"{""input_type"": ""HandTracking"",""h"": ""30.80,1.31,-17.04"",""l"": ""0.00,0.00,0.00"",""r"": ""0.00,0.00,0.00""}"
15,Baseline,False,295.6191,gaze_sample,"{""target"": ""Sci-fi platform-fbx (5)""}"
15,Baseline,False,295.7301,gaze_sample,"{""target"": ""Sci-fi platform-fbx (5)""}"
15,Baseline,False,295.7995,head_tracking,"{""input_type"": ""HandTracking"",""h"": ""30.79,1.31,-17.03"",""l"": ""0.00,0.00,0.00"",""r"": ""0.00,0.00,0.00""}"
15,Baseline,False,295.8413,gaze_sample,"{""target"": ""Sci-fi platform-fbx (5)""}"
15,Baseline,False,295.9523,gaze_sample,"{""target"": ""Sci-fi platform-fbx (5)""}"
15,Baseline,False,296.0078,head_tracking,"{""input_type"": ""HandTracking"",""h"": ""30.75,1.30,-17.02"",""l"": ""0.00,0.00,0.00"",""r"": ""0.00,0.00,0.00""}"
15,Baseline,False,296.0634,gaze_sample,"{""target"": ""Sci-fi platform-fbx (5)""}"
15,Baseline,False,296.1745,gaze_sample,"{""target"": ""Sci-fi platform-fbx (5)""}"
15,Baseline,False,296.2163,head_tracking,"{""input_type"": ""HandTracking"",""h"": ""30.73,1.30,-17.01"",""l"": ""0.00,0.00,0.00"",""r"": ""0.00,0.00,0.00""}"
15,Baseline,False,296.2859,gaze_sample,"{""target"": ""Sci-fi platform-fbx (5)""}"
15,Baseline,False,296.3969,gaze_sample,"{""target"": ""Sci-fi platform-fbx (5)""}"
15,Baseline,False,296.4248,head_tracking,"{""input_type"": ""HandTracking"",""h"": ""30.73,1.30,-17.01"",""l"": ""0.00,0.00,0.00"",""r"": ""0.00,0.00,0.00""}"
15,Baseline,False,296.5082,gaze_sample,"{""target"": ""Sci-fi platform-fbx (5)""}"
15,Baseline,False,296.6194,gaze_sample,"{""target"": ""P_R_H Battery (2)""}"
15,Baseline,False,296.6331,head_tracking,"{""input_type"": ""HandTracking"",""h"": ""30.73,1.29,-17.01"",""l"": ""0.00,0.00,0.00"",""r"": ""0.00,0.00,0.00""}"
15,Baseline,False,296.7306,gaze_sample,"{""target"": ""P_R_H Battery (2)""}"
15,Baseline,False,296.8413,head_tracking,"{""input_type"": ""HandTracking"",""h"": ""30.72,1.29,-17.02"",""l"": ""0.00,0.00,0.00"",""r"": ""0.00,0.00,0.00""}"
15,Baseline,False,296.8413,gaze_sample,"{""target"": ""Sci-fi platform-fbx (5)""}"
15,Baseline,False,296.9526,gaze_sample,"{""target"": ""Sci-fi platform-fbx (5)""}"
15,Baseline,False,297.0497,head_tracking,"{""input_type"": ""HandTracking"",""h"": ""30.73,1.29,-17.02"",""l"": ""0.00,0.00,0.00"",""r"": ""0.00,0.00,0.00""}"
15,Baseline,False,297.0637,gaze_sample,"{""target"": ""P_R_H Battery (2)""}"
15,Baseline,False,297.1749,gaze_sample,"{""target"": ""P_R_H Battery (2)""}"
15,Baseline,False,297.2581,head_tracking,"{""input_type"": ""HandTracking"",""h"": ""30.73,1.29,-17.02"",""l"": ""0.00,0.00,0.00"",""r"": ""0.00,0.00,0.00""}"
15,Baseline,False,297.2859,gaze_sample,"{""target"": ""P_R_H Battery (2)""}"
15,Baseline,False,297.3983,gaze_sample,"{""target"": ""Sci-fi platform-fbx (5)""}"
15,Baseline,False,297.4663,head_tracking,"{""input_type"": ""HandTracking"",""h"": ""30.72,1.29,-17.04"",""l"": ""0.00,0.00,0.00"",""r"": ""0.00,0.00,0.00""}"
15,Baseline,False,297.5081,gaze_sample,"{""target"": ""Sci-fi platform-fbx (5)""}"
15,Baseline,False,297.6196,gaze_sample,"{""target"": ""Sci-fi platform-fbx (5)""}"
15,Baseline,False,297.6749,head_tracking,"{""input_type"": ""HandTracking"",""h"": ""30.72,1.29,-17.05"",""l"": ""0.00,0.00,0.00"",""r"": ""0.00,0.00,0.00""}"
15,Baseline,False,297.7303,gaze_sample,"{""target"": ""P_R_H Battery (2)""}"
15,Baseline,False,297.8413,gaze_sample,"{""target"": ""P_R_H Battery (2)""}"
15,Baseline,False,297.8831,head_tracking,"{""input_type"": ""HandTracking"",""h"": ""30.72,1.28,-17.07"",""l"": ""0.00,0.00,0.00"",""r"": ""0.00,0.00,0.00""}"
15,Baseline,False,297.9526,gaze_sample,"{""target"": ""P_R_H Battery (2)""}"
15,Baseline,False,298.0636,gaze_sample,"{""target"": ""P_R_H Battery (2)""}"
15,Baseline,False,298.0913,head_tracking,"{""input_type"": ""HandTracking"",""h"": ""30.71,1.27,-17.07"",""l"": ""0.00,0.00,0.00"",""r"": ""0.00,0.00,0.00""}"
15,Baseline,False,298.1747,gaze_sample,"{""target"": ""P_R_H Battery (2)""}"
15,Baseline,False,298.2857,gaze_sample,"{""target"": ""P_R_H Battery (2)""}"
15,Baseline,False,298.2997,head_tracking,"{""input_type"": ""HandTracking"",""h"": ""30.71,1.27,-17.07"",""l"": ""0.00,0.00,0.00"",""r"": ""0.00,0.00,0.00""}"
15,Baseline,False,298.3969,gaze_sample,"{""target"": ""P_R_H Battery (2)""}"
15,Baseline,False,298.4109,interaction,"{""item"": ""P_R_H Battery (2)"", ""action"": ""grab""}"
15,Baseline,False,298.5081,head_tracking,"{""input_type"": ""HandTracking"",""h"": ""30.71,1.27,-17.06"",""l"": ""0.00,0.00,0.00"",""r"": ""0.00,0.00,0.00""}"
15,Baseline,False,298.5081,gaze_sample,"{""target"": ""Sci-fi platform-fbx (5)""}"
15,Baseline,False,298.619,gaze_sample,"{""target"": ""Sci-fi platform-fbx (5)""}"
15,Baseline,False,298.7166,head_tracking,"{""input_type"": ""HandTracking"",""h"": ""30.71,1.27,-17.06"",""l"": ""0.00,0.00,0.00"",""r"": ""0.00,0.00,0.00""}"
15,Baseline,False,298.7302,gaze_sample,"{""target"": ""Sci-fi platform-fbx (5)""}"
15,Baseline,False,298.8415,gaze_sample,"{""target"": ""P_R_H Battery (2)""}"
15,Baseline,False,298.925,head_tracking,"{""input_type"": ""HandTracking"",""h"": ""30.71,1.28,-17.06"",""l"": ""0.00,0.00,0.00"",""r"": ""0.00,0.00,0.00""}"
15,Baseline,False,298.9526,gaze_sample,"{""target"": ""P_R_H Battery (2)""}"
15,Baseline,False,299.0637,gaze_sample,"{""target"": ""P_R_H Battery (2)""}"
15,Baseline,False,299.1335,head_tracking,"{""input_type"": ""HandTracking"",""h"": ""30.70,1.28,-17.06"",""l"": ""0.00,0.00,0.00"",""r"": ""0.00,0.00,0.00""}"
15,Baseline,False,299.175,gaze_sample,"{""target"": ""P_R_H Battery (2)""}"
15,Baseline,False,299.2859,gaze_sample,"{""target"": ""P_R_H Battery (2)""}"
15,Baseline,False,299.3416,head_tracking,"{""input_type"": ""HandTracking"",""h"": ""30.70,1.28,-17.06"",""l"": ""0.00,0.00,0.00"",""r"": ""0.00,0.00,0.00""}"
15,Baseline,False,299.3974,gaze_sample,"{""target"": ""P_R_H Battery (2)""}"
15,Baseline,False,299.5083,gaze_sample,"{""target"": ""P_R_H Battery (2)""}"
15,Baseline,False,299.5494,head_tracking,"{""input_type"": ""HandTracking"",""h"": ""30.70,1.28,-17.05"",""l"": ""0.00,0.00,0.00"",""r"": ""0.00,0.00,0.00""}"
15,Baseline,False,299.6189,gaze_sample,"{""target"": ""P_R_H Battery (2)""}"
15,Baseline,False,299.7299,gaze_sample,"{""target"": ""Sci-fi platform-fbx (5)""}"
15,Baseline,False,299.7578,head_tracking,"{""input_type"": ""HandTracking"",""h"": ""30.70,1.28,-17.05"",""l"": ""0.00,0.00,0.00"",""r"": ""0.00,0.00,0.00""}"
15,Baseline,False,299.841,gaze_sample,"{""target"": ""Sci-fi platform-fbx (5)""}"
15,Baseline,False,299.8965,interaction,"{""item"": ""P_R_H Battery (2)"", ""action"": ""grab""}"
15,Baseline,False,299.9521,gaze_sample,"{""target"": ""Sci-fi platform-fbx (5)""}"
15,Baseline,False,299.9661,head_tracking,"{""input_type"": ""HandTracking"",""h"": ""30.71,1.28,-17.04"",""l"": ""0.00,0.00,0.00"",""r"": ""0.00,0.00,0.00""}"
15,Baseline,False,300.0632,gaze_sample,"{""target"": ""Sci-fi platform-fbx (5)""}"
15,Baseline,False,300.1743,head_tracking,"{""input_type"": ""HandTracking"",""h"": ""30.71,1.28,-17.03"",""l"": ""0.00,0.00,0.00"",""r"": ""0.00,0.00,0.00""}"
15,Baseline,False,300.1743,gaze_sample,"{""target"": ""Sci-fi platform-fbx (5)""}"
15,Baseline,False,300.2853,gaze_sample,"{""target"": ""Sci-fi platform-fbx (5)""}"
15,Baseline,False,300.3828,head_tracking,"{""input_type"": ""HandTracking"",""h"": ""30.71,1.28,-17.02"",""l"": ""0.00,0.00,0.00"",""r"": ""0.00,0.00,0.00""}"
15,Baseline,False,300.3968,gaze_sample,"{""target"": ""P_R_H Battery (2)""}"
15,Baseline,False,300.5079,gaze_sample,"{""target"": ""P_R_H Battery (2)""}"
15,Baseline,False,300.5925,head_tracking,"{""input_type"": ""HandTracking"",""h"": ""30.72,1.28,-17.02"",""l"": ""0.00,0.00,0.00"",""r"": ""0.00,0.00,0.00""}"
15,Baseline,False,300.6191,gaze_sample,"{""target"": ""P_R_H Battery (2)""}"
15,Baseline,False,300.7302,gaze_sample,"{""target"": ""P_R_H Battery (2)""}"
15,Baseline,False,300.7997,head_tracking,"{""input_type"": ""HandTracking"",""h"": ""30.73,1.28,-17.03"",""l"": ""0.00,0.00,0.00"",""r"": ""0.00,0.00,0.00""}"
15,Baseline,False,300.8411,gaze_sample,"{""target"": ""Sci-fi platform-fbx (5)""}"
15,Baseline,False,300.9532,gaze_sample,"{""target"": ""Sci-fi platform-fbx (5)""}"
15,Baseline,False,301.0077,head_tracking,"{""input_type"": ""HandTracking"",""h"": ""30.73,1.28,-17.03"",""l"": ""0.00,0.00,0.00"",""r"": ""0.00,0.00,0.00""}"
15,Baseline,False,301.063,gaze_sample,"{""target"": ""Sci-fi platform-fbx (5)""}"
15,Baseline,False,301.1747,gaze_sample,"{""target"": ""Sci-fi platform-fbx (5)""}"
15,Baseline,False,301.2165,head_tracking,"{""input_type"": ""HandTracking"",""h"": ""30.73,1.28,-17.04"",""l"": ""0.00,0.00,0.00"",""r"": ""0.00,0.00,0.00""}"
15,Baseline,False,301.2855,gaze_sample,"{""target"": ""Sci-fi platform-fbx (5)""}"
15,Baseline,False,301.3964,gaze_sample,"{""target"": ""Sci-fi platform-fbx (5)""}"
15,Baseline,False,301.4244,head_tracking,"{""input_type"": ""HandTracking"",""h"": ""30.72,1.28,-17.04"",""l"": ""0.00,0.00,0.00"",""r"": ""0.00,0.00,0.00""}"
15,Baseline,False,301.5078,gaze_sample,"{""target"": ""Sci-fi platform-fbx (5)""}"
15,Baseline,False,301.6189,gaze_sample,"{""target"": ""Sci-fi platform-fbx (5)""}"
15,Baseline,False,301.6326,head_tracking,"{""input_type"": ""HandTracking"",""h"": ""30.72,1.27,-17.05"",""l"": ""0.00,0.00,0.00"",""r"": ""0.00,0.00,0.00""}"
15,Baseline,False,301.7296,gaze_sample,"{""target"": ""Sci-fi platform-fbx (5)""}"
15,Baseline,False,301.8409,head_tracking,"{""input_type"": ""HandTracking"",""h"": ""30.72,1.27,-17.05"",""l"": ""0.00,0.00,0.00"",""r"": ""0.00,0.00,0.00""}"
15,Baseline,False,301.8409,gaze_sample,"{""target"": ""Sci-fi platform-fbx (5)""}"
15,Baseline,False,301.9521,gaze_sample,"{""target"": ""Sci-fi platform-fbx (5)""}"
15,Baseline,False,302.0493,head_tracking,"{""input_type"": ""HandTracking"",""h"": ""30.71,1.26,-17.05"",""l"": ""0.00,0.00,0.00"",""r"": ""0.00,0.00,0.00""}"
15,Baseline,False,302.0632,gaze_sample,"{""target"": ""Sci-fi platform-fbx (5)""}"
15,Baseline,False,302.1743,gaze_sample,"{""target"": ""Sci-fi platform-fbx (5)""}"
15,Baseline,False,302.2578,head_tracking,"{""input_type"": ""HandTracking"",""h"": ""30.72,1.26,-17.05"",""l"": ""0.00,0.00,0.00"",""r"": ""0.00,0.00,0.00""}"
15,Baseline,False,302.2854,gaze_sample,"{""target"": ""Cube""}"
15,Baseline,False,302.3967,gaze_sample,"{""target"": ""Cube""}"
15,Baseline,False,302.4244,interaction,"{""item"": ""P_R_H Battery (2)"", ""action"": ""grab""}"
15,Baseline,False,302.4662,head_tracking,"{""input_type"": ""HandTracking"",""h"": ""30.72,1.26,-17.05"",""l"": ""0.00,0.00,0.00"",""r"": ""0.00,0.00,0.00""}"
15,Baseline,False,302.5078,gaze_sample,"{""target"": ""Sci-fi platform-fbx (5)""}"
15,Baseline,False,302.619,gaze_sample,"{""target"": ""Sci-fi platform-fbx (5)""}"
15,Baseline,False,302.6751,head_tracking,"{""input_type"": ""HandTracking"",""h"": ""30.72,1.26,-17.05"",""l"": ""0.00,0.00,0.00"",""r"": ""0.00,0.00,0.00""}"
15,Baseline,False,302.7304,gaze_sample,"{""target"": ""Sci-fi platform-fbx (5)""}"
15,Baseline,False,302.8414,gaze_sample,"{""target"": ""P_R_H Battery (2)""}"
15,Baseline,False,302.8831,head_tracking,"{""input_type"": ""HandTracking"",""h"": ""30.73,1.27,-17.04"",""l"": ""0.00,0.00,0.00"",""r"": ""0.00,0.00,0.00""}"
15,Baseline,False,302.9525,gaze_sample,"{""target"": ""P_R_H Battery (2)""}"
15,Baseline,False,303.0638,gaze_sample,"{""target"": ""P_R_H Battery (2)""}"
15,Baseline,False,303.0916,head_tracking,"{""input_type"": ""HandTracking"",""h"": ""30.76,1.28,-17.03"",""l"": ""0.00,0.00,0.00"",""r"": ""0.00,0.00,0.00""}"
15,Baseline,False,303.1748,gaze_sample,"{""target"": ""P_R_H Battery (2)""}"
15,Baseline,False,303.2859,gaze_sample,"{""target"": ""P_R_H Battery (2)""}"
15,Baseline,False,303.3,head_tracking,"{""input_type"": ""HandTracking"",""h"": ""30.80,1.28,-17.04"",""l"": ""0.00,0.00,0.00"",""r"": ""0.00,0.00,0.00""}"
15,Baseline,False,303.3971,gaze_sample,"{""target"": ""P_R_H Battery (2)""}"
15,Baseline,False,303.5082,head_tracking,"{""input_type"": ""HandTracking"",""h"": ""30.81,1.28,-17.04"",""l"": ""0.00,0.00,0.00"",""r"": ""0.00,0.00,0.00""}"
15,Baseline,False,303.5082,gaze_sample,"{""target"": ""P_R_H Battery (2)""}"
15,Baseline,False,303.6205,gaze_sample,"{""target"": ""P_R_H Battery (2)""}"
15,Baseline,False,303.7164,head_tracking,"{""input_type"": ""HandTracking"",""h"": ""30.79,1.28,-17.05"",""l"": ""0.00,0.00,0.00"",""r"": ""0.00,0.00,0.00""}"
15,Baseline,False,303.7303,gaze_sample,"{""target"": ""P_R_H Battery (2)""}"
15,Baseline,False,303.8415,gaze_sample,"{""target"": ""P_R_H Battery (2)""}"
15,Baseline,False,303.9247,head_tracking,"{""input_type"": ""HandTracking"",""h"": ""30.77,1.27,-17.05"",""l"": ""0.00,0.00,0.00"",""r"": ""0.00,0.00,0.00""}"
15,Baseline,False,303.9527,gaze_sample,"{""target"": ""P_R_H Battery (2)""}"
15,Baseline,False,304.0633,gaze_sample,"{""target"": ""P_R_H Battery (2)""}"
15,Baseline,False,304.1343,head_tracking,"{""input_type"": ""HandTracking"",""h"": ""30.76,1.27,-17.05"",""l"": ""0.00,0.00,0.00"",""r"": ""0.00,0.00,0.00""}"
15,Baseline,False,304.1745,gaze_sample,"{""target"": ""P_R_H Battery (2)""}"
15,Baseline,False,304.2855,gaze_sample,"{""target"": ""P_R_H Battery (2)""}"
15,Baseline,False,304.3412,head_tracking,"{""input_type"": ""HandTracking"",""h"": ""30.75,1.27,-17.04"",""l"": ""0.00,0.00,0.00"",""r"": ""0.00,0.00,0.00""}"
15,Baseline,False,304.3966,gaze_sample,"{""target"": ""P_R_H Battery (2)""}"
15,Baseline,False,304.5077,gaze_sample,"{""target"": ""Sci-fi platform-fbx (5)""}"
15,Baseline,False,304.5493,head_tracking,"{""input_type"": ""HandTracking"",""h"": ""30.74,1.28,-17.05"",""l"": ""0.00,0.00,0.00"",""r"": ""0.00,0.00,0.00""}"
15,Baseline,False,304.6188,gaze_sample,"{""target"": ""Sci-fi platform-fbx (5)""}"
15,Baseline,False,304.7299,gaze_sample,"{""target"": ""Cube""}"
15,Baseline,False,304.7576,head_tracking,"{""input_type"": ""HandTracking"",""h"": ""30.72,1.28,-17.07"",""l"": ""0.00,0.00,0.00"",""r"": ""0.00,0.00,0.00""}"
15,Baseline,False,304.8409,gaze_sample,"{""target"": ""room-small""}"
15,Baseline,False,304.952,gaze_sample,"{""target"": ""room-small""}"
15,Baseline,False,304.966,head_tracking,"{""input_type"": ""HandTracking"",""h"": ""30.70,1.28,-17.09"",""l"": ""0.00,0.00,0.00"",""r"": ""0.00,0.00,0.00""}"
15,Baseline,False,305.0634,gaze_sample,"{""target"": ""room-small""}"
15,Baseline,False,305.1744,head_tracking,"{""input_type"": ""HandTracking"",""h"": ""30.70,1.28,-17.09"",""l"": ""0.00,0.00,0.00"",""r"": ""0.00,0.00,0.00""}"
15,Baseline,False,305.1744,gaze_sample,"{""target"": ""room-small""}"
15,Baseline,False,305.2851,gaze_sample,"{""target"": ""room-small""}"
15,Baseline,False,305.3829,head_tracking,"{""input_type"": ""HandTracking"",""h"": ""30.69,1.28,-17.10"",""l"": ""0.00,0.00,0.00"",""r"": ""0.00,0.00,0.00""}"
15,Baseline,False,305.3963,gaze_sample,"{""target"": ""room-small""}"
15,Baseline,False,305.5076,gaze_sample,"{""target"": ""room-small""}"
15,Baseline,False,305.591,head_tracking,"{""input_type"": ""HandTracking"",""h"": ""30.69,1.28,-17.10"",""l"": ""0.00,0.00,0.00"",""r"": ""0.00,0.00,0.00""}"
15,Baseline,False,305.6186,gaze_sample,"{""target"": ""room-small""}"
15,Baseline,False,305.7297,gaze_sample,"{""target"": ""room-small""}"
15,Baseline,False,305.7996,head_tracking,"{""input_type"": ""HandTracking"",""h"": ""30.69,1.28,-17.10"",""l"": ""0.00,0.00,0.00"",""r"": ""0.00,0.00,0.00""}"
15,Baseline,False,305.8409,gaze_sample,"{""target"": ""room-small""}"
15,Baseline,False,305.952,gaze_sample,"{""target"": ""room-small""}"
15,Baseline,False,306.0078,head_tracking,"{""input_type"": ""HandTracking"",""h"": ""30.69,1.28,-17.10"",""l"": ""0.00,0.00,0.00"",""r"": ""0.00,0.00,0.00""}"
15,Baseline,False,306.063,gaze_sample,"{""target"": ""room-small""}"
15,Baseline,False,306.1744,gaze_sample,"{""target"": ""room-small""}"
15,Baseline,False,306.2159,head_tracking,"{""input_type"": ""HandTracking"",""h"": ""30.69,1.28,-17.10"",""l"": ""0.00,0.00,0.00"",""r"": ""0.00,0.00,0.00""}"
15,Baseline,False,306.2853,gaze_sample,"{""target"": ""room-small""}"
15,Baseline,False,306.3964,gaze_sample,"{""target"": ""room-small""}"
15,Baseline,False,306.4243,head_tracking,"{""input_type"": ""HandTracking"",""h"": ""30.69,1.28,-17.09"",""l"": ""0.00,0.00,0.00"",""r"": ""0.00,0.00,0.00""}"
15,Baseline,False,306.5076,gaze_sample,"{""target"": ""room-small""}"
15,Baseline,False,306.6186,gaze_sample,"{""target"": ""room-small""}"
15,Baseline,False,306.6329,head_tracking,"{""input_type"": ""HandTracking"",""h"": ""30.70,1.28,-17.08"",""l"": ""0.00,0.00,0.00"",""r"": ""0.00,0.00,0.00""}"
15,Baseline,False,306.7298,gaze_sample,"{""target"": ""room-small""}"
15,Baseline,False,306.8409,head_tracking,"{""input_type"": ""HandTracking"",""h"": ""30.70,1.28,-17.08"",""l"": ""0.00,0.00,0.00"",""r"": ""0.00,0.00,0.00""}"
15,Baseline,False,306.8409,gaze_sample,"{""target"": ""room-small""}"
15,Baseline,False,306.9519,gaze_sample,"{""target"": ""room-small""}"
15,Baseline,False,307.0492,head_tracking,"{""input_type"": ""HandTracking"",""h"": ""30.69,1.28,-17.09"",""l"": ""0.00,0.00,0.00"",""r"": ""0.00,0.00,0.00""}"
15,Baseline,False,307.063,gaze_sample,"{""target"": ""room-small""}"
15,Baseline,False,307.1742,gaze_sample,"{""target"": ""gate-door (1)""}"
15,Baseline,False,307.2576,head_tracking,"{""input_type"": ""HandTracking"",""h"": ""31.24,1.28,-18.55"",""l"": ""0.00,0.00,0.00"",""r"": ""0.00,0.00,0.00""}"
15,Baseline,False,307.2853,gaze_sample,"{""target"": ""gate-door (1)""}"
15,Baseline,False,307.3965,gaze_sample,"{""target"": ""room-small""}"
15,Baseline,False,307.4661,head_tracking,"{""input_type"": ""HandTracking"",""h"": ""31.25,1.29,-18.54"",""l"": ""0.00,0.00,0.00"",""r"": ""0.00,0.00,0.00""}"
15,Baseline,False,307.5076,gaze_sample,"{""target"": ""room-small""}"
15,Baseline,False,307.6188,gaze_sample,"{""target"": ""room-small""}"
15,Baseline,False,307.6742,head_tracking,"{""input_type"": ""HandTracking"",""h"": ""31.28,1.29,-18.52"",""l"": ""0.00,0.00,0.00"",""r"": ""0.00,0.00,0.00""}"
15,Baseline,False,307.7297,gaze_sample,"{""target"": ""room-small""}"
15,Baseline,False,307.8408,gaze_sample,"{""target"": ""Sci-fi platform-fbx (5)""}"
15,Baseline,False,307.8826,head_tracking,"{""input_type"": ""HandTracking"",""h"": ""31.30,1.28,-18.51"",""l"": ""0.00,0.00,0.00"",""r"": ""0.00,0.00,0.00""}"
15,Baseline,False,307.9519,gaze_sample,"{""target"": ""Sci-fi platform-fbx (5)""}"
15,Baseline,False,308.063,gaze_sample,"{""target"": ""Sci-fi platform-fbx (5)""}"
15,Baseline,False,308.0906,head_tracking,"{""input_type"": ""HandTracking"",""h"": ""31.30,1.27,-18.53"",""l"": ""0.00,0.00,0.00"",""r"": ""0.00,0.00,0.00""}"
15,Baseline,False,308.174,gaze_sample,"{""target"": ""Sci-fi platform-fbx (5)""}"
15,Baseline,False,308.2851,gaze_sample,"{""target"": ""Sci-fi platform-fbx (5)""}"
15,Baseline,False,308.2991,head_tracking,"{""input_type"": ""HandTracking"",""h"": ""31.30,1.25,-18.56"",""l"": ""0.00,0.00,0.00"",""r"": ""0.00,0.00,0.00""}"
15,Baseline,False,308.3961,gaze_sample,"{""target"": ""Sci-fi platform-fbx (5)""}"
15,Baseline,False,308.5074,head_tracking,"{""input_type"": ""HandTracking"",""h"": ""31.29,1.22,-18.60"",""l"": ""0.00,0.00,0.00"",""r"": ""0.00,0.00,0.00""}"
15,Baseline,False,308.5074,gaze_sample,"{""target"": ""Sci-fi platform-fbx (5)""}"
15,Baseline,False,308.618,gaze_sample,"{""target"": ""Sci-fi platform-fbx (5)""}"
15,Baseline,False,308.715,head_tracking,"{""input_type"": ""HandTracking"",""h"": ""31.29,1.20,-18.65"",""l"": ""0.00,0.00,0.00"",""r"": ""0.00,0.00,0.00""}"
15,Baseline,False,308.7292,gaze_sample,"{""target"": ""Sci-fi platform-fbx (5)""}"
15,Baseline,False,308.8398,gaze_sample,"{""target"": ""Sci-fi platform-fbx (5)""}"
15,Baseline,False,308.9232,head_tracking,"{""input_type"": ""HandTracking"",""h"": ""31.28,1.19,-18.68"",""l"": ""0.00,0.00,0.00"",""r"": ""0.00,0.00,0.00""}"
15,Baseline,False,308.951,gaze_sample,"{""target"": ""Sci-fi platform-fbx (5)""}"
15,Baseline,False,309.062,gaze_sample,"{""target"": ""Sci-fi platform-fbx (5)""}"
15,Baseline,False,309.1317,head_tracking,"{""input_type"": ""HandTracking"",""h"": ""31.28,1.19,-18.69"",""l"": ""0.00,0.00,0.00"",""r"": ""0.00,0.00,0.00""}"
15,Baseline,False,309.1733,gaze_sample,"{""target"": ""Sci-fi platform-fbx (5)""}"
15,Baseline,False,309.285,gaze_sample,"{""target"": ""Sci-fi platform-fbx (5)""}"
15,Baseline,False,309.3401,head_tracking,"{""input_type"": ""HandTracking"",""h"": ""31.30,1.21,-18.69"",""l"": ""0.00,0.00,0.00"",""r"": ""0.00,0.00,0.00""}"
15,Baseline,False,309.3959,gaze_sample,"{""target"": ""Sci-fi platform-fbx (5)""}"
15,Baseline,False,309.5072,gaze_sample,"{""target"": ""Sci-fi platform-fbx (5)""}"
15,Baseline,False,309.5487,head_tracking,"{""input_type"": ""HandTracking"",""h"": ""31.33,1.22,-18.71"",""l"": ""0.00,0.00,0.00"",""r"": ""0.00,0.00,0.00""}"
15,Baseline,False,309.6185,gaze_sample,"{""target"": ""room-small""}"
15,Baseline,False,309.7292,gaze_sample,"{""target"": ""room-small""}"
15,Baseline,False,309.7571,head_tracking,"{""input_type"": ""HandTracking"",""h"": ""31.34,1.24,-18.71"",""l"": ""0.00,0.00,0.00"",""r"": ""0.00,0.00,0.00""}"
15,Baseline,False,309.8417,gaze_sample,"{""target"": ""Sci-fi platform-fbx (5)""}"
15,Baseline,False,309.9512,gaze_sample,"{""target"": ""Sci-fi platform-fbx (5)""}"
15,Baseline,False,309.9649,head_tracking,"{""input_type"": ""HandTracking"",""h"": ""31.34,1.24,-18.70"",""l"": ""0.00,0.00,0.00"",""r"": ""0.00,0.00,0.00""}"
15,Baseline,False,310.0619,gaze_sample,"{""target"": ""Sci-fi platform-fbx (5)""}"
15,Baseline,False,310.173,head_tracking,"{""input_type"": ""HandTracking"",""h"": ""31.34,1.25,-18.68"",""l"": ""0.00,0.00,0.00"",""r"": ""0.00,0.00,0.00""}"
15,Baseline,False,310.173,gaze_sample,"{""target"": ""Sci-fi platform-fbx (5)""}"
15,Baseline,False,310.2836,gaze_sample,"{""target"": ""Sci-fi platform-fbx (5)""}"
15,Baseline,False,310.3808,head_tracking,"{""input_type"": ""HandTracking"",""h"": ""31.33,1.25,-18.68"",""l"": ""0.00,0.00,0.00"",""r"": ""0.00,0.00,0.00""}"
15,Baseline,False,310.3948,gaze_sample,"{""target"": ""Sci-fi platform-fbx (5)""}"
15,Baseline,False,310.5056,gaze_sample,"{""target"": ""Sci-fi platform-fbx (5)""}"
15,Baseline,False,310.5891,head_tracking,"{""input_type"": ""HandTracking"",""h"": ""31.32,1.26,-18.67"",""l"": ""0.00,0.00,0.00"",""r"": ""0.00,0.00,0.00""}"
15,Baseline,False,310.6169,gaze_sample,"{""target"": ""Sci-fi platform-fbx (5)""}"
15,Baseline,False,310.7281,gaze_sample,"{""target"": ""template-wall (1)""}"
15,Baseline,False,310.7971,head_tracking,"{""input_type"": ""HandTracking"",""h"": ""31.31,1.26,-18.65"",""l"": ""0.00,0.00,0.00"",""r"": ""0.00,0.00,0.00""}"
15,Baseline,False,310.8386,gaze_sample,"{""target"": ""template-wall (1)""}"
15,Baseline,False,310.9496,gaze_sample,"{""target"": ""template-wall (1)""}"
15,Baseline,False,311.0052,head_tracking,"{""input_type"": ""HandTracking"",""h"": ""31.30,1.26,-18.64"",""l"": ""0.00,0.00,0.00"",""r"": ""0.00,0.00,0.00""}"
15,Baseline,False,311.0607,gaze_sample,"{""target"": ""Cube""}"
15,Baseline,False,311.1717,gaze_sample,"{""target"": ""Cube""}"
15,Baseline,False,311.2133,head_tracking,"{""input_type"": ""HandTracking"",""h"": ""31.30,1.26,-18.63"",""l"": ""0.00,0.00,0.00"",""r"": ""0.00,0.00,0.00""}"
15,Baseline,False,311.2827,gaze_sample,"{""target"": ""Cube""}"
15,Baseline,False,311.3936,gaze_sample,"{""target"": ""Cube""}"
15,Baseline,False,311.4212,head_tracking,"{""input_type"": ""HandTracking"",""h"": ""32.73,1.26,-16.19"",""l"": ""0.00,0.00,0.00"",""r"": ""0.00,0.00,0.00""}"
15,Baseline,False,311.5042,gaze_sample,"{""target"": ""Cube""}"
15,Baseline,False,311.6154,gaze_sample,"{""target"": ""Cube""}"
15,Baseline,False,311.6295,head_tracking,"{""input_type"": ""HandTracking"",""h"": ""32.73,1.26,-16.20"",""l"": ""0.00,0.00,0.00"",""r"": ""0.00,0.00,0.00""}"
15,Baseline,False,311.7263,gaze_sample,"{""target"": ""Cube""}"
15,Baseline,False,311.8379,head_tracking,"{""input_type"": ""HandTracking"",""h"": ""32.73,1.26,-16.20"",""l"": ""0.00,0.00,0.00"",""r"": ""0.00,0.00,0.00""}"
15,Baseline,False,311.8379,gaze_sample,"{""target"": ""Cube""}"
15,Baseline,False,311.9488,gaze_sample,"{""target"": ""Cube""}"
15,Baseline,False,312.0465,head_tracking,"{""input_type"": ""HandTracking"",""h"": ""32.74,1.27,-16.20"",""l"": ""0.00,0.00,0.00"",""r"": ""0.00,0.00,0.00""}"
15,Baseline,False,312.0605,gaze_sample,"{""target"": ""Cube""}"
15,Baseline,False,312.1725,gaze_sample,"{""target"": ""Cube""}"
15,Baseline,False,312.2559,head_tracking,"{""input_type"": ""HandTracking"",""h"": ""32.74,1.27,-16.20"",""l"": ""0.00,0.00,0.00"",""r"": ""0.00,0.00,0.00""}"
15,Baseline,False,312.2836,gaze_sample,"{""target"": ""Cube""}"
15,Baseline,False,312.3948,gaze_sample,"{""target"": ""Cube""}"
15,Baseline,False,312.4645,head_tracking,"{""input_type"": ""HandTracking"",""h"": ""32.73,1.26,-16.21"",""l"": ""0.00,0.00,0.00"",""r"": ""0.00,0.00,0.00""}"
15,Baseline,False,312.5062,gaze_sample,"{""target"": ""Cube""}"
15,Baseline,False,312.6174,gaze_sample,"{""target"": ""Cube""}"
15,Baseline,False,312.6727,head_tracking,"{""input_type"": ""HandTracking"",""h"": ""32.72,1.26,-16.23"",""l"": ""0.00,0.00,0.00"",""r"": ""0.00,0.00,0.00""}"
15,Baseline,False,312.7286,gaze_sample,"{""target"": ""Cube""}"
15,Baseline,False,312.8396,gaze_sample,"{""target"": ""Cube""}"
15,Baseline,False,312.8815,head_tracking,"{""input_type"": ""HandTracking"",""h"": ""32.72,1.25,-16.23"",""l"": ""0.00,0.00,0.00"",""r"": ""0.00,0.00,0.00""}"
15,Baseline,False,312.9509,gaze_sample,"{""target"": ""Cube""}"
15,Baseline,False,313.0621,gaze_sample,"{""target"": ""Cube""}"
15,Baseline,False,313.0898,interaction,"{""item"": ""P_R_H Battery (2)"", ""action"": ""grab""}"
15,Baseline,False,313.0898,head_tracking,"{""input_type"": ""HandTracking"",""h"": ""32.73,1.25,-16.22"",""l"": ""0.00,0.00,0.00"",""r"": ""0.00,0.00,0.00""}"
15,Baseline,False,313.1736,gaze_sample,"{""target"": ""P_R_H Battery (2)""}"
15,Baseline,False,313.2846,gaze_sample,"{""target"": ""P_R_H Battery (2)""}"
15,Baseline,False,313.2989,head_tracking,"{""input_type"": ""HandTracking"",""h"": ""32.73,1.25,-16.22"",""l"": ""0.00,0.00,0.00"",""r"": ""0.00,0.00,0.00""}"
15,Baseline,False,313.3957,gaze_sample,"{""target"": ""P_R_H Battery (2)""}"
15,Baseline,False,313.507,head_tracking,"{""input_type"": ""HandTracking"",""h"": ""32.74,1.27,-16.21"",""l"": ""0.00,0.00,0.00"",""r"": ""0.00,0.00,0.00""}"
15,Baseline,False,313.507,gaze_sample,"{""target"": ""Cube""}"
15,Baseline,False,313.6171,gaze_sample,"{""target"": ""Cube""}"
15,Baseline,False,313.7136,head_tracking,"{""input_type"": ""HandTracking"",""h"": ""32.77,1.30,-16.21"",""l"": ""0.00,0.00,0.00"",""r"": ""0.00,0.00,0.00""}"
15,Baseline,False,313.7269,gaze_sample,"{""target"": ""Cube""}"
15,Baseline,False,313.8411,gaze_sample,"{""target"": ""P_R_H Battery (2)""}"
15,Baseline,False,313.9235,head_tracking,"{""input_type"": ""HandTracking"",""h"": ""32.78,1.31,-16.24"",""l"": ""0.00,0.00,0.00"",""r"": ""0.00,0.00,0.00""}"
15,Baseline,False,313.9514,gaze_sample,"{""target"": ""P_R_H Battery (2)""}"
15,Baseline,False,314.0628,gaze_sample,"{""target"": ""P_R_H Battery (2)""}"
15,Baseline,False,314.1326,head_tracking,"{""input_type"": ""HandTracking"",""h"": ""32.79,1.32,-16.25"",""l"": ""0.00,0.00,0.00"",""r"": ""0.00,0.00,0.00""}"
15,Baseline,False,314.1739,gaze_sample,"{""target"": ""P_R_H Battery (2)""}"
15,Baseline,False,314.2825,gaze_sample,"{""target"": ""room-small""}"
15,Baseline,False,314.3381,head_tracking,"{""input_type"": ""HandTracking"",""h"": ""32.78,1.31,-16.25"",""l"": ""0.00,0.00,0.00"",""r"": ""0.00,0.00,0.00""}"
15,Baseline,False,314.3937,gaze_sample,"{""target"": ""gate-lasers""}"
15,Baseline,False,314.5045,gaze_sample,"{""target"": ""Cube""}"
15,Baseline,False,314.5464,head_tracking,"{""input_type"": ""HandTracking"",""h"": ""32.76,1.31,-16.25"",""l"": ""0.00,0.00,0.00"",""r"": ""0.00,0.00,0.00""}"
15,Baseline,False,314.6156,gaze_sample,"{""target"": ""Cube""}"
15,Baseline,False,314.7269,gaze_sample,"{""target"": ""Cube""}"
15,Baseline,False,314.7545,head_tracking,"{""input_type"": ""HandTracking"",""h"": ""32.75,1.31,-16.24"",""l"": ""0.00,0.00,0.00"",""r"": ""0.00,0.00,0.00""}"
15,Baseline,False,314.8373,gaze_sample,"{""target"": ""Cube""}"
15,Baseline,False,314.9485,gaze_sample,"{""target"": ""Cube""}"
15,Baseline,False,314.9629,head_tracking,"{""input_type"": ""HandTracking"",""h"": ""32.75,1.31,-16.24"",""l"": ""0.00,0.00,0.00"",""r"": ""0.00,0.00,0.00""}"
15,Baseline,False,315.06,gaze_sample,"{""target"": ""Cube""}"
15,Baseline,False,315.1708,head_tracking,"{""input_type"": ""HandTracking"",""h"": ""32.74,1.30,-16.24"",""l"": ""0.00,0.00,0.00"",""r"": ""0.00,0.00,0.00""}"
15,Baseline,False,315.1708,gaze_sample,"{""target"": ""Cube""}"
15,Baseline,False,315.282,gaze_sample,"{""target"": ""Cube""}"
15,Baseline,False,315.3791,head_tracking,"{""input_type"": ""HandTracking"",""h"": ""32.74,1.30,-16.24"",""l"": ""0.00,0.00,0.00"",""r"": ""0.00,0.00,0.00""}"
15,Baseline,False,315.3929,gaze_sample,"{""target"": ""Cube""}"
15,Baseline,False,315.5045,gaze_sample,"{""target"": ""Cube""}"
15,Baseline,False,315.5877,head_tracking,"{""input_type"": ""HandTracking"",""h"": ""32.76,1.31,-16.25"",""l"": ""0.00,0.00,0.00"",""r"": ""0.00,0.00,0.00""}"
15,Baseline,False,315.6154,gaze_sample,"{""target"": ""Cube""}"
15,Baseline,False,315.7267,gaze_sample,"{""target"": ""Cube""}"
15,Baseline,False,315.7961,head_tracking,"{""input_type"": ""HandTracking"",""h"": ""32.77,1.31,-16.25"",""l"": ""0.00,0.00,0.00"",""r"": ""0.00,0.00,0.00""}"
15,Baseline,False,315.8375,gaze_sample,"{""target"": ""Cube""}"
15,Baseline,False,315.9487,gaze_sample,"{""target"": ""Cube""}"
15,Baseline,False,316.0042,head_tracking,"{""input_type"": ""HandTracking"",""h"": ""32.78,1.31,-16.25"",""l"": ""0.00,0.00,0.00"",""r"": ""0.00,0.00,0.00""}"
15,Baseline,False,316.0602,gaze_sample,"{""target"": ""Cube""}"
15,Baseline,False,316.1709,gaze_sample,"{""target"": ""Cube""}"
15,Baseline,False,316.2133,head_tracking,"{""input_type"": ""HandTracking"",""h"": ""32.77,1.31,-16.25"",""l"": ""0.00,0.00,0.00"",""r"": ""0.00,0.00,0.00""}"
15,Baseline,False,316.282,gaze_sample,"{""target"": ""Cube""}"
15,Baseline,False,316.3931,gaze_sample,"{""target"": ""Cube""}"
15,Baseline,False,316.4209,head_tracking,"{""input_type"": ""HandTracking"",""h"": ""32.77,1.31,-16.25"",""l"": ""0.00,0.00,0.00"",""r"": ""0.00,0.00,0.00""}"
15,Baseline,False,316.5045,gaze_sample,"{""target"": ""Cube""}"
15,Baseline,False,316.6155,gaze_sample,"{""target"": ""Cube""}"
15,Baseline,False,316.6294,head_tracking,"{""input_type"": ""HandTracking"",""h"": ""32.77,1.31,-16.24"",""l"": ""0.00,0.00,0.00"",""r"": ""0.00,0.00,0.00""}"
15,Baseline,False,316.7266,gaze_sample,"{""target"": ""Cube""}"
15,Baseline,False,316.8377,head_tracking,"{""input_type"": ""HandTracking"",""h"": ""32.77,1.31,-16.25"",""l"": ""0.00,0.00,0.00"",""r"": ""0.00,0.00,0.00""}"
15,Baseline,False,316.8377,gaze_sample,"{""target"": ""Cube""}"
15,Baseline,False,316.9488,gaze_sample,"{""target"": ""Cube""}"
15,Baseline,False,317.0462,head_tracking,"{""input_type"": ""HandTracking"",""h"": ""32.77,1.31,-16.24"",""l"": ""0.00,0.00,0.00"",""r"": ""0.00,0.00,0.00""}"
15,Baseline,False,317.0601,gaze_sample,"{""target"": ""Cube""}"
15,Baseline,False,317.1711,gaze_sample,"{""target"": ""Cube""}"
15,Baseline,False,317.2544,head_tracking,"{""input_type"": ""HandTracking"",""h"": ""32.78,1.31,-16.25"",""l"": ""0.00,0.00,0.00"",""r"": ""0.00,0.00,0.00""}"
15,Baseline,False,317.2822,gaze_sample,"{""target"": ""Cube""}"
15,Baseline,False,317.3934,gaze_sample,"{""target"": ""Cube""}"
15,Baseline,False,317.4628,head_tracking,"{""input_type"": ""HandTracking"",""h"": ""32.79,1.31,-16.24"",""l"": ""0.00,0.00,0.00"",""r"": ""0.00,0.00,0.00""}"
15,Baseline,False,317.5054,gaze_sample,"{""target"": ""Cube""}"
15,Baseline,False,317.6157,gaze_sample,"{""target"": ""room-small""}"
15,Baseline,False,317.6712,head_tracking,"{""input_type"": ""HandTracking"",""h"": ""32.79,1.31,-16.24"",""l"": ""0.00,0.00,0.00"",""r"": ""0.00,0.00,0.00""}"
15,Baseline,False,317.7266,gaze_sample,"{""target"": ""room-small""}"
15,Baseline,False,317.8376,gaze_sample,"{""target"": ""Cube""}"
15,Baseline,False,317.8794,head_tracking,"{""input_type"": ""HandTracking"",""h"": ""32.78,1.31,-16.24"",""l"": ""0.00,0.00,0.00"",""r"": ""0.00,0.00,0.00""}"
15,Baseline,False,317.9499,gaze_sample,"{""target"": ""room-small""}"
15,Baseline,False,318.0598,gaze_sample,"{""target"": ""room-small""}"
15,Baseline,False,318.0876,head_tracking,"{""input_type"": ""HandTracking"",""h"": ""32.78,1.32,-16.25"",""l"": ""0.00,0.00,0.00"",""r"": ""0.00,0.00,0.00""}"
15,Baseline,False,318.1713,gaze_sample,"{""target"": ""room-small""}"
15,Baseline,False,318.2824,gaze_sample,"{""target"": ""room-small""}"
15,Baseline,False,318.2965,head_tracking,"{""input_type"": ""HandTracking"",""h"": ""32.79,1.32,-16.26"",""l"": ""0.00,0.00,0.00"",""r"": ""0.00,0.00,0.00""}"
15,Baseline,False,318.3938,gaze_sample,"{""target"": ""room-small""}"
15,Baseline,False,318.5052,head_tracking,"{""input_type"": ""HandTracking"",""h"": ""32.79,1.32,-16.25"",""l"": ""0.00,0.00,0.00"",""r"": ""0.00,0.00,0.00""}"
15,Baseline,False,318.5052,gaze_sample,"{""target"": ""room-small""}"
15,Baseline,False,318.616,gaze_sample,"{""target"": ""room-small""}"
15,Baseline,False,318.7131,head_tracking,"{""input_type"": ""HandTracking"",""h"": ""32.79,1.32,-16.23"",""l"": ""0.00,0.00,0.00"",""r"": ""0.00,0.00,0.00""}"
15,Baseline,False,318.7271,gaze_sample,"{""target"": ""room-small""}"
15,Baseline,False,318.8378,gaze_sample,"{""target"": ""room-small""}"
15,Baseline,False,318.9213,head_tracking,"{""input_type"": ""HandTracking"",""h"": ""32.78,1.32,-16.22"",""l"": ""0.00,0.00,0.00"",""r"": ""0.00,0.00,0.00""}"
15,Baseline,False,318.949,gaze_sample,"{""target"": ""room-small""}"
15,Baseline,False,319.06,gaze_sample,"{""target"": ""gate-lasers""}"
15,Baseline,False,319.1296,head_tracking,"{""input_type"": ""HandTracking"",""h"": ""32.78,1.32,-16.22"",""l"": ""0.00,0.00,0.00"",""r"": ""0.00,0.00,0.00""}"
15,Baseline,False,319.1711,gaze_sample,"{""target"": ""gate-lasers""}"
15,Baseline,False,319.2823,gaze_sample,"{""target"": ""gate-lasers""}"
15,Baseline,False,319.338,head_tracking,"{""input_type"": ""HandTracking"",""h"": ""32.78,1.32,-16.22"",""l"": ""0.00,0.00,0.00"",""r"": ""0.00,0.00,0.00""}"
15,Baseline,False,319.3935,gaze_sample,"{""target"": ""gate-lasers""}"
15,Baseline,False,319.5046,gaze_sample,"{""target"": ""Cube""}"
15,Baseline,False,319.546,head_tracking,"{""input_type"": ""HandTracking"",""h"": ""32.79,1.32,-16.23"",""l"": ""0.00,0.00,0.00"",""r"": ""0.00,0.00,0.00""}"
15,Baseline,False,319.6154,gaze_sample,"{""target"": ""Cube""}"
15,Baseline,False,319.7265,gaze_sample,"{""target"": ""Sci-fi platform-fbx (6)""}"
15,Baseline,False,319.7545,head_tracking,"{""input_type"": ""HandTracking"",""h"": ""32.80,1.32,-16.23"",""l"": ""0.00,0.00,0.00"",""r"": ""0.00,0.00,0.00""}"
15,Baseline,False,319.8374,gaze_sample,"{""target"": ""Cube""}"
15,Baseline,False,319.9489,gaze_sample,"{""target"": ""room-large-variation""}"
15,Baseline,False,319.9627,head_tracking,"{""input_type"": ""HandTracking"",""h"": ""32.80,1.32,-16.23"",""l"": ""0.00,0.00,0.00"",""r"": ""0.00,0.00,0.00""}"
15,Baseline,False,320.06,gaze_sample,"{""target"": ""gate-lasers""}"
15,Baseline,False,320.1711,head_tracking,"{""input_type"": ""HandTracking"",""h"": ""32.80,1.32,-16.22"",""l"": ""0.00,0.00,0.00"",""r"": ""0.00,0.00,0.00""}"
15,Baseline,False,320.1711,gaze_sample,"{""target"": ""gate-lasers""}"
15,Baseline,False,320.2821,gaze_sample,"{""target"": ""gate-lasers""}"
15,Baseline,False,320.3797,head_tracking,"{""input_type"": ""HandTracking"",""h"": ""32.15,1.32,-13.29"",""l"": ""0.00,0.00,0.00"",""r"": ""0.00,0.00,0.00""}"
15,Baseline,False,320.3932,gaze_sample,"{""target"": ""gate-lasers""}"
15,Baseline,False,320.5045,gaze_sample,"{""target"": ""gate-lasers""}"
15,Baseline,False,320.588,head_tracking,"{""input_type"": ""HandTracking"",""h"": ""32.14,1.32,-13.29"",""l"": ""0.00,0.00,0.00"",""r"": ""0.00,0.00,0.00""}"
15,Baseline,False,320.6159,gaze_sample,"{""target"": ""gate-lasers""}"
15,Baseline,False,320.7268,gaze_sample,"{""target"": ""Sci-fi platform-fbx (6)""}"
15,Baseline,False,320.7962,head_tracking,"{""input_type"": ""HandTracking"",""h"": ""32.11,1.32,-13.29"",""l"": ""0.00,0.00,0.00"",""r"": ""0.00,0.00,0.00""}"
15,Baseline,False,320.838,gaze_sample,"{""target"": ""Cube""}"
15,Baseline,False,320.9493,gaze_sample,"{""target"": ""gate-lasers""}"
15,Baseline,False,321.005,head_tracking,"{""input_type"": ""HandTracking"",""h"": ""32.07,1.31,-13.30"",""l"": ""0.00,0.00,0.00"",""r"": ""0.00,0.00,0.00""}"
15,Baseline,False,321.0609,gaze_sample,"{""target"": ""Cube""}"
15,Baseline,False,321.1726,gaze_sample,"{""target"": ""Sci-fi platform-fbx (4)""}"
15,Baseline,False,321.2144,head_tracking,"{""input_type"": ""HandTracking"",""h"": ""32.05,1.31,-13.32"",""l"": ""0.00,0.00,0.00"",""r"": ""0.00,0.00,0.00""}"
15,Baseline,False,321.2841,gaze_sample,"{""target"": ""Sci-fi platform-fbx (4)""}"
15,Baseline,False,321.3956,gaze_sample,"{""target"": ""Sci-fi platform-fbx (4)""}"
15,Baseline,False,321.4232,head_tracking,"{""input_type"": ""HandTracking"",""h"": ""32.05,1.30,-13.32"",""l"": ""0.00,0.00,0.00"",""r"": ""0.00,0.00,0.00""}"
15,Baseline,False,321.5065,gaze_sample,"{""target"": ""template-wall (2)""}"
15,Baseline,False,321.6177,gaze_sample,"{""target"": ""Cube""}"
15,Baseline,False,321.6316,head_tracking,"{""input_type"": ""HandTracking"",""h"": ""32.04,1.29,-13.34"",""l"": ""0.00,0.00,0.00"",""r"": ""0.00,0.00,0.00""}"
15,Baseline,False,321.7287,gaze_sample,"{""target"": ""Cube""}"
15,Baseline,False,321.8397,head_tracking,"{""input_type"": ""HandTracking"",""h"": ""32.04,1.29,-13.35"",""l"": ""0.00,0.00,0.00"",""r"": ""0.00,0.00,0.00""}"
15,Baseline,False,321.8397,gaze_sample,"{""target"": ""Cube""}"
15,Baseline,False,321.9512,gaze_sample,"{""target"": ""Cube""}"
15,Baseline,False,322.0486,head_tracking,"{""input_type"": ""HandTracking"",""h"": ""32.05,1.29,-13.37"",""l"": ""0.00,0.00,0.00"",""r"": ""0.00,0.00,0.00""}"
15,Baseline,False,322.0624,gaze_sample,"{""target"": ""Cube""}"
15,Baseline,False,322.1736,gaze_sample,"{""target"": ""Cube""}"
15,Baseline,False,322.2573,head_tracking,"{""input_type"": ""HandTracking"",""h"": ""32.06,1.28,-13.38"",""l"": ""0.00,0.00,0.00"",""r"": ""0.00,0.00,0.00""}"
15,Baseline,False,322.2849,gaze_sample,"{""target"": ""Cube""}"
15,Baseline,False,322.3962,gaze_sample,"{""target"": ""Cube""}"
15,Baseline,False,322.4654,head_tracking,"{""input_type"": ""HandTracking"",""h"": ""32.04,1.28,-13.37"",""l"": ""0.00,0.00,0.00"",""r"": ""0.00,0.00,0.00""}"
15,Baseline,False,322.507,gaze_sample,"{""target"": ""Cube""}"
15,Baseline,False,322.6181,gaze_sample,"{""target"": ""Cube""}"
15,Baseline,False,322.6734,head_tracking,"{""input_type"": ""HandTracking"",""h"": ""32.03,1.29,-13.34"",""l"": ""0.00,0.00,0.00"",""r"": ""0.00,0.00,0.00""}"
15,Baseline,False,322.7291,gaze_sample,"{""target"": ""Cube""}"
15,Baseline,False,322.8403,gaze_sample,"{""target"": ""Cube""}"
15,Baseline,False,322.8819,head_tracking,"{""input_type"": ""HandTracking"",""h"": ""32.04,1.30,-13.30"",""l"": ""0.00,0.00,0.00"",""r"": ""0.00,0.00,0.00""}"
15,Baseline,False,322.9507,gaze_sample,"{""target"": ""Cube""}"
15,Baseline,False,323.0616,gaze_sample,"{""target"": ""Cube""}"
15,Baseline,False,323.0892,head_tracking,"{""input_type"": ""HandTracking"",""h"": ""32.07,1.30,-13.27"",""l"": ""0.00,0.00,0.00"",""r"": ""0.00,0.00,0.00""}"
15,Baseline,False,323.172,gaze_sample,"{""target"": ""Cube""}"
15,Baseline,False,323.2832,gaze_sample,"{""target"": ""gate-lasers""}"
15,Baseline,False,323.297,head_tracking,"{""input_type"": ""HandTracking"",""h"": ""32.09,1.31,-13.25"",""l"": ""0.00,0.00,0.00"",""r"": ""0.00,0.00,0.00""}"
15,Baseline,False,323.394,gaze_sample,"{""target"": ""gate-lasers""}"
15,Baseline,False,323.5049,head_tracking,"{""input_type"": ""HandTracking"",""h"": ""32.11,1.31,-13.26"",""l"": ""0.00,0.00,0.00"",""r"": ""0.00,0.00,0.00""}"
15,Baseline,False,323.5049,gaze_sample,"{""target"": ""room-small""}"
15,Baseline,False,323.6158,gaze_sample,"{""target"": ""room-small""}"
15,Baseline,False,323.713,head_tracking,"{""input_type"": ""HandTracking"",""h"": ""32.13,1.30,-13.27"",""l"": ""0.00,0.00,0.00"",""r"": ""0.00,0.00,0.00""}"
15,Baseline,False,323.7267,gaze_sample,"{""target"": ""Cube""}"
15,Baseline,False,323.8381,gaze_sample,"{""target"": ""Cube""}"
15,Baseline,False,323.9215,head_tracking,"{""input_type"": ""HandTracking"",""h"": ""32.14,1.30,-13.30"",""l"": ""0.00,0.00,0.00"",""r"": ""0.00,0.00,0.00""}"
15,Baseline,False,323.9493,gaze_sample,"{""target"": ""room-small""}"
15,Baseline,False,324.0605,gaze_sample,"{""target"": ""room-small""}"
15,Baseline,False,324.1302,head_tracking,"{""input_type"": ""HandTracking"",""h"": ""32.15,1.30,-13.34"",""l"": ""0.00,0.00,0.00"",""r"": ""0.00,0.00,0.00""}"
15,Baseline,False,324.1721,gaze_sample,"{""target"": ""room-small""}"
15,Baseline,False,324.2836,gaze_sample,"{""target"": ""room-small""}"
15,Baseline,False,324.3391,head_tracking,"{""input_type"": ""HandTracking"",""h"": ""32.15,1.30,-13.35"",""l"": ""0.00,0.00,0.00"",""r"": ""0.00,0.00,0.00""}"
15,Baseline,False,324.395,gaze_sample,"{""target"": ""room-small""}"
15,Baseline,False,324.5057,gaze_sample,"{""target"": ""room-small""}"
15,Baseline,False,324.5476,head_tracking,"{""input_type"": ""HandTracking"",""h"": ""32.15,1.30,-13.36"",""l"": ""0.00,0.00,0.00"",""r"": ""0.00,0.00,0.00""}"
15,Baseline,False,324.6168,gaze_sample,"{""target"": ""room-small""}"
15,Baseline,False,324.7279,gaze_sample,"{""target"": ""room-small""}"
15,Baseline,False,324.756,head_tracking,"{""input_type"": ""HandTracking"",""h"": ""32.15,1.30,-13.35"",""l"": ""0.00,0.00,0.00"",""r"": ""0.00,0.00,0.00""}"
15,Baseline,False,324.8386,gaze_sample,"{""target"": ""room-small""}"
15,Baseline,False,324.9497,gaze_sample,"{""target"": ""room-small""}"
15,Baseline,False,324.9635,head_tracking,"{""input_type"": ""HandTracking"",""h"": ""32.13,1.30,-13.35"",""l"": ""0.00,0.00,0.00"",""r"": ""0.00,0.00,0.00""}"
15,Baseline,False,325.0605,gaze_sample,"{""target"": ""room-small""}"
15,Baseline,False,325.1714,head_tracking,"{""input_type"": ""HandTracking"",""h"": ""32.10,1.31,-13.33"",""l"": ""0.00,0.00,0.00"",""r"": ""0.00,0.00,0.00""}"
15,Baseline,False,325.1714,gaze_sample,"{""target"": ""room-small""}"
15,Baseline,False,325.2823,gaze_sample,"{""target"": ""room-small""}"
15,Baseline,False,325.3792,head_tracking,"{""input_type"": ""HandTracking"",""h"": ""32.04,1.31,-13.33"",""l"": ""0.00,0.00,0.00"",""r"": ""0.00,0.00,0.00""}"
15,Baseline,False,325.3932,gaze_sample,"{""target"": ""Cube""}"
15,Baseline,False,325.504,gaze_sample,"{""target"": ""gate-lasers""}"
15,Baseline,False,325.5873,head_tracking,"{""input_type"": ""HandTracking"",""h"": ""32.00,1.31,-13.34"",""l"": ""0.00,0.00,0.00"",""r"": ""0.00,0.00,0.00""}"
15,Baseline,False,325.6152,gaze_sample,"{""target"": ""Cube""}"
15,Baseline,False,325.7268,gaze_sample,"{""target"": ""Cube""}"
15,Baseline,False,325.7964,head_tracking,"{""input_type"": ""HandTracking"",""h"": ""31.99,1.31,-13.35"",""l"": ""0.00,0.00,0.00"",""r"": ""0.00,0.00,0.00""}"
15,Baseline,False,325.8383,gaze_sample,"{""target"": ""Cube""}"
15,Baseline,False,325.9495,gaze_sample,"{""target"": ""gate-lasers""}"
15,Baseline,False,326.0047,head_tracking,"{""input_type"": ""HandTracking"",""h"": ""32.00,1.31,-13.33"",""l"": ""0.00,0.00,0.00"",""r"": ""0.00,0.00,0.00""}"
15,Baseline,False,326.0612,gaze_sample,"{""target"": ""gate-lasers""}"
15,Baseline,False,326.171,gaze_sample,"{""target"": ""Cube""}"
15,Baseline,False,326.2124,head_tracking,"{""input_type"": ""HandTracking"",""h"": ""32.02,1.32,-13.32"",""l"": ""0.00,0.00,0.00"",""r"": ""0.00,0.00,0.00""}"
15,Baseline,False,326.2816,gaze_sample,"{""target"": ""Cube""}"
15,Baseline,False,326.3928,gaze_sample,"{""target"": ""Cube""}"
15,Baseline,False,326.4205,head_tracking,"{""input_type"": ""HandTracking"",""h"": ""32.03,1.32,-13.32"",""l"": ""0.00,0.00,0.00"",""r"": ""0.00,0.00,0.00""}"
15,Baseline,False,326.504,gaze_sample,"{""target"": ""Cube""}"
15,Baseline,False,326.6154,gaze_sample,"{""target"": ""gate-lasers""}"
15,Baseline,False,326.6292,head_tracking,"{""input_type"": ""HandTracking"",""h"": ""32.01,1.31,-13.33"",""l"": ""0.00,0.00,0.00"",""r"": ""0.00,0.00,0.00""}"
15,Baseline,False,326.7264,gaze_sample,"{""target"": ""Cube""}"
15,Baseline,False,326.8383,head_tracking,"{""input_type"": ""HandTracking"",""h"": ""31.99,1.30,-13.36"",""l"": ""0.00,0.00,0.00"",""r"": ""0.00,0.00,0.00""}"
15,Baseline,False,326.8383,gaze_sample,"{""target"": ""Cube""}"
15,Baseline,False,326.9503,gaze_sample,"{""target"": ""Cube""}"
15,Baseline,False,327.0474,head_tracking,"{""input_type"": ""HandTracking"",""h"": ""31.98,1.30,-13.39"",""l"": ""0.00,0.00,0.00"",""r"": ""0.00,0.00,0.00""}"
15,Baseline,False,327.0616,gaze_sample,"{""target"": ""Cube""}"
15,Baseline,False,327.1727,gaze_sample,"{""target"": ""Cube""}"
15,Baseline,False,327.2561,head_tracking,"{""input_type"": ""HandTracking"",""h"": ""31.98,1.30,-13.39"",""l"": ""0.00,0.00,0.00"",""r"": ""0.00,0.00,0.00""}"
15,Baseline,False,327.2839,gaze_sample,"{""target"": ""Cube""}"
15,Baseline,False,327.3951,gaze_sample,"{""target"": ""Cube""}"
15,Baseline,False,327.4646,head_tracking,"{""input_type"": ""HandTracking"",""h"": ""31.98,1.29,-13.40"",""l"": ""0.00,0.00,0.00"",""r"": ""0.00,0.00,0.00""}"
15,Baseline,False,327.5062,gaze_sample,"{""target"": ""Cube""}"
15,Baseline,False,327.6171,gaze_sample,"{""target"": ""Cube""}"
15,Baseline,False,327.6729,head_tracking,"{""input_type"": ""HandTracking"",""h"": ""31.98,1.29,-13.40"",""l"": ""0.00,0.00,0.00"",""r"": ""0.00,0.00,0.00""}"
15,Baseline,False,327.7286,gaze_sample,"{""target"": ""Cube""}"
15,Baseline,False,327.8392,gaze_sample,"{""target"": ""Cube""}"
15,Baseline,False,327.881,head_tracking,"{""input_type"": ""HandTracking"",""h"": ""31.98,1.29,-13.41"",""l"": ""0.00,0.00,0.00"",""r"": ""0.00,0.00,0.00""}"
15,Baseline,False,327.9503,gaze_sample,"{""target"": ""Cube""}"
15,Baseline,False,328.0615,gaze_sample,"{""target"": ""Cube""}"
15,Baseline,False,328.0894,head_tracking,"{""input_type"": ""HandTracking"",""h"": ""29.73,1.29,-14.10"",""l"": ""0.00,0.00,0.00"",""r"": ""0.00,0.00,0.00""}"
15,Baseline,False,328.1737,gaze_sample,"{""target"": ""Cube""}"
15,Baseline,False,328.2843,gaze_sample,"{""target"": ""Cube""}"
15,Baseline,False,328.2981,head_tracking,"{""input_type"": ""HandTracking"",""h"": ""29.72,1.29,-14.09"",""l"": ""0.00,0.00,0.00"",""r"": ""0.00,0.00,0.00""}"
15,Baseline,False,328.3954,gaze_sample,"{""target"": ""Cube""}"
15,Baseline,False,328.5066,head_tracking,"{""input_type"": ""HandTracking"",""h"": ""29.73,1.29,-14.09"",""l"": ""0.00,0.00,0.00"",""r"": ""0.00,0.00,0.00""}"
15,Baseline,False,328.5066,gaze_sample,"{""target"": ""Cube""}"
15,Baseline,False,328.6176,gaze_sample,"{""target"": ""Cube""}"
15,Baseline,False,328.7159,head_tracking,"{""input_type"": ""HandTracking"",""h"": ""29.72,1.29,-14.10"",""l"": ""0.00,0.00,0.00"",""r"": ""0.00,0.00,0.00""}"
15,Baseline,False,328.7286,gaze_sample,"{""target"": ""Cube""}"
15,Baseline,False,328.8398,gaze_sample,"{""target"": ""Cube""}"
15,Baseline,False,328.9234,head_tracking,"{""input_type"": ""HandTracking"",""h"": ""29.72,1.30,-14.08"",""l"": ""0.00,0.00,0.00"",""r"": ""0.00,0.00,0.00""}"
15,Baseline,False,328.9511,gaze_sample,"{""target"": ""P_R_H Battery""}"
15,Baseline,False,329.0621,gaze_sample,"{""target"": ""P_R_H Battery""}"
15,Baseline,False,329.1316,head_tracking,"{""input_type"": ""HandTracking"",""h"": ""29.72,1.31,-14.07"",""l"": ""0.00,0.00,0.00"",""r"": ""0.00,0.00,0.00""}"
15,Baseline,False,329.1735,gaze_sample,"{""target"": ""P_R_H Battery""}"
15,Baseline,False,329.2846,gaze_sample,"{""target"": ""P_R_H Battery""}"
15,Baseline,False,329.3401,head_tracking,"{""input_type"": ""HandTracking"",""h"": ""29.72,1.31,-14.05"",""l"": ""0.00,0.00,0.00"",""r"": ""0.00,0.00,0.00""}"
15,Baseline,False,329.3955,gaze_sample,"{""target"": ""P_R_H Battery""}"
15,Baseline,False,329.5067,gaze_sample,"{""target"": ""P_R_H Battery""}"
15,Baseline,False,329.5483,head_tracking,"{""input_type"": ""HandTracking"",""h"": ""29.73,1.31,-14.04"",""l"": ""0.00,0.00,0.00"",""r"": ""0.00,0.00,0.00""}"
15,Baseline,False,329.6179,gaze_sample,"{""target"": ""P_R_H Battery""}"
15,Baseline,False,329.7289,gaze_sample,"{""target"": ""P_R_H Battery""}"
15,Baseline,False,329.7566,head_tracking,"{""input_type"": ""HandTracking"",""h"": ""29.73,1.32,-14.04"",""l"": ""0.00,0.00,0.00"",""r"": ""0.00,0.00,0.00""}"
15,Baseline,False,329.8401,gaze_sample,"{""target"": ""P_R_H Battery""}"
15,Baseline,False,329.9512,gaze_sample,"{""target"": ""P_R_H Battery""}"
15,Baseline,False,329.9652,head_tracking,"{""input_type"": ""HandTracking"",""h"": ""29.73,1.32,-14.04"",""l"": ""0.00,0.00,0.00"",""r"": ""0.00,0.00,0.00""}"
15,Baseline,False,330.0625,gaze_sample,"{""target"": ""P_R_H Battery""}"
15,Baseline,False,330.1734,head_tracking,"{""input_type"": ""HandTracking"",""h"": ""29.73,1.32,-14.04"",""l"": ""0.00,0.00,0.00"",""r"": ""0.00,0.00,0.00""}"
15,Baseline,False,330.1734,gaze_sample,"{""target"": ""P_R_H Battery""}"
15,Baseline,False,330.2846,gaze_sample,"{""target"": ""P_R_H Battery""}"
15,Baseline,False,330.3818,head_tracking,"{""input_type"": ""HandTracking"",""h"": ""29.73,1.32,-14.04"",""l"": ""0.00,0.00,0.00"",""r"": ""0.00,0.00,0.00""}"
15,Baseline,False,330.3958,gaze_sample,"{""target"": ""P_R_H Battery""}"
15,Baseline,False,330.5067,gaze_sample,"{""target"": ""P_R_H Battery""}"
15,Baseline,False,330.5898,head_tracking,"{""input_type"": ""HandTracking"",""h"": ""29.73,1.31,-14.04"",""l"": ""0.00,0.00,0.00"",""r"": ""0.00,0.00,0.00""}"
15,Baseline,False,330.6176,gaze_sample,"{""target"": ""P_R_H Battery""}"
15,Baseline,False,330.7287,gaze_sample,"{""target"": ""P_R_H Battery""}"
15,Baseline,False,330.7985,head_tracking,"{""input_type"": ""HandTracking"",""h"": ""29.73,1.31,-14.04"",""l"": ""0.00,0.00,0.00"",""r"": ""0.00,0.00,0.00""}"
15,Baseline,False,330.8398,gaze_sample,"{""target"": ""P_R_H Battery""}"
15,Baseline,False,330.9512,gaze_sample,"{""target"": ""P_R_H Battery""}"
15,Baseline,False,331.0066,head_tracking,"{""input_type"": ""HandTracking"",""h"": ""29.74,1.31,-14.05"",""l"": ""0.00,0.00,0.00"",""r"": ""0.00,0.00,0.00""}"
15,Baseline,False,331.0621,gaze_sample,"{""target"": ""P_R_H Battery""}"
15,Baseline,False,331.1731,gaze_sample,"{""target"": ""P_R_H Battery""}"
15,Baseline,False,331.215,head_tracking,"{""input_type"": ""HandTracking"",""h"": ""29.74,1.31,-14.05"",""l"": ""0.00,0.00,0.00"",""r"": ""0.00,0.00,0.00""}"
15,Baseline,False,331.2843,gaze_sample,"{""target"": ""P_R_H Battery""}"
15,Baseline,False,331.3955,gaze_sample,"{""target"": ""P_R_H Battery""}"
15,Baseline,False,331.4233,head_tracking,"{""input_type"": ""HandTracking"",""h"": ""26.11,1.31,-17.33"",""l"": ""0.00,0.00,0.00"",""r"": ""0.00,0.00,0.00""}"
15,Baseline,False,331.5066,gaze_sample,"{""target"": ""P_R_H Battery""}"
15,Baseline,False,331.6177,gaze_sample,"{""target"": ""P_R_H Battery""}"
15,Baseline,False,331.6318,head_tracking,"{""input_type"": ""HandTracking"",""h"": ""26.11,1.31,-17.32"",""l"": ""0.00,0.00,0.00"",""r"": ""0.00,0.00,0.00""}"
15,Baseline,False,331.729,gaze_sample,"{""target"": ""P_R_H Battery""}"
15,Baseline,False,331.84,head_tracking,"{""input_type"": ""HandTracking"",""h"": ""26.11,1.30,-17.32"",""l"": ""0.00,0.00,0.00"",""r"": ""0.00,0.00,0.00""}"
15,Baseline,False,331.84,gaze_sample,"{""target"": ""P_R_H Battery""}"
15,Baseline,False,331.9511,gaze_sample,"{""target"": ""P_R_H Battery""}"
15,Baseline,False,332.0482,head_tracking,"{""input_type"": ""HandTracking"",""h"": ""26.12,1.30,-17.31"",""l"": ""0.00,0.00,0.00"",""r"": ""0.00,0.00,0.00""}"
15,Baseline,False,332.0623,gaze_sample,"{""target"": ""P_R_H Battery""}"
15,Baseline,False,332.1733,gaze_sample,"{""target"": ""P_R_H Battery""}"
15,Baseline,False,332.2566,head_tracking,"{""input_type"": ""HandTracking"",""h"": ""26.13,1.31,-17.31"",""l"": ""0.00,0.00,0.00"",""r"": ""0.00,0.00,0.00""}"
15,Baseline,False,332.2843,gaze_sample,"{""target"": ""P_R_H Battery""}"
15,Baseline,False,332.3957,gaze_sample,"{""target"": ""P_R_H Battery""}"
15,Baseline,False,332.465,head_tracking,"{""input_type"": ""HandTracking"",""h"": ""26.15,1.30,-17.31"",""l"": ""0.00,0.00,0.00"",""r"": ""0.00,0.00,0.00""}"
15,Baseline,False,332.5066,gaze_sample,"{""target"": ""P_R_H Battery""}"
15,Baseline,False,332.6178,gaze_sample,"{""target"": ""P_R_H Battery""}"
15,Baseline,False,332.6732,head_tracking,"{""input_type"": ""HandTracking"",""h"": ""26.16,1.28,-17.32"",""l"": ""0.00,0.00,0.00"",""r"": ""0.00,0.00,0.00""}"
15,Baseline,False,332.7288,gaze_sample,"{""target"": ""room-small""}"
15,Baseline,False,332.8398,gaze_sample,"{""target"": ""room-small""}"
15,Baseline,False,332.8815,head_tracking,"{""input_type"": ""HandTracking"",""h"": ""26.16,1.27,-17.33"",""l"": ""0.00,0.00,0.00"",""r"": ""0.00,0.00,0.00""}"
15,Baseline,False,332.9509,gaze_sample,"{""target"": ""room-small""}"
15,Baseline,False,333.0623,gaze_sample,"{""target"": ""room-small""}"
15,Baseline,False,333.09,head_tracking,"{""input_type"": ""HandTracking"",""h"": ""26.15,1.27,-17.33"",""l"": ""0.00,0.00,0.00"",""r"": ""0.00,0.00,0.00""}"
15,Baseline,False,333.1732,gaze_sample,"{""target"": ""room-small""}"
15,Baseline,False,333.2843,gaze_sample,"{""target"": ""room-small""}"
15,Baseline,False,333.2982,head_tracking,"{""input_type"": ""HandTracking"",""h"": ""26.14,1.26,-17.33"",""l"": ""0.00,0.00,0.00"",""r"": ""0.00,0.00,0.00""}"
15,Baseline,False,333.3953,gaze_sample,"{""target"": ""room-small""}"
15,Baseline,False,333.5065,head_tracking,"{""input_type"": ""HandTracking"",""h"": ""26.14,1.27,-17.33"",""l"": ""0.00,0.00,0.00"",""r"": ""0.00,0.00,0.00""}"
15,Baseline,False,333.5065,gaze_sample,"{""target"": ""room-small""}"
15,Baseline,False,333.6177,gaze_sample,"{""target"": ""room-small""}"
15,Baseline,False,333.7149,head_tracking,"{""input_type"": ""HandTracking"",""h"": ""26.61,1.27,-18.41"",""l"": ""0.00,0.00,0.00"",""r"": ""0.00,0.00,0.00""}"
15,Baseline,False,333.7284,gaze_sample,"{""target"": ""room-small""}"
15,Baseline,False,333.8394,gaze_sample,"{""target"": ""room-small""}"
15,Baseline,False,333.9227,head_tracking,"{""input_type"": ""HandTracking"",""h"": ""26.61,1.27,-18.41"",""l"": ""0.00,0.00,0.00"",""r"": ""0.00,0.00,0.00""}"
15,Baseline,False,333.9504,gaze_sample,"{""target"": ""gate-door (1)""}"
15,Baseline,False,334.0616,gaze_sample,"{""target"": ""gate-door (1)""}"
15,Baseline,False,334.1312,head_tracking,"{""input_type"": ""HandTracking"",""h"": ""26.60,1.28,-18.42"",""l"": ""0.00,0.00,0.00"",""r"": ""0.00,0.00,0.00""}"
15,Baseline,False,334.1728,gaze_sample,"{""target"": ""gate-door (1)""}"
15,Baseline,False,334.2841,gaze_sample,"{""target"": ""gate-door (1)""}"
15,Baseline,False,334.3394,head_tracking,"{""input_type"": ""HandTracking"",""h"": ""26.60,1.28,-18.42"",""l"": ""0.00,0.00,0.00"",""r"": ""0.00,0.00,0.00""}"
15,Baseline,False,334.3948,gaze_sample,"{""target"": ""gate-door (1)""}"
15,Baseline,False,334.5477,head_tracking,"{""input_type"": ""HandTracking"",""h"": ""26.60,1.28,-18.41"",""l"": ""0.00,0.00,0.00"",""r"": ""0.00,0.00,0.00""}"
15,Baseline,False,334.6173,gaze_sample,"{""target"": ""room-small""}"
15,Baseline,False,334.7282,gaze_sample,"{""target"": ""room-small""}"
15,Baseline,False,334.7559,head_tracking,"{""input_type"": ""HandTracking"",""h"": ""26.62,1.27,-18.41"",""l"": ""0.00,0.00,0.00"",""r"": ""0.00,0.00,0.00""}"
15,Baseline,False,334.8395,gaze_sample,"{""target"": ""room-small""}"
15,Baseline,False,334.9504,gaze_sample,"{""target"": ""Cube""}"
15,Baseline,False,334.9644,head_tracking,"{""input_type"": ""HandTracking"",""h"": ""26.62,1.26,-18.42"",""l"": ""0.00,0.00,0.00"",""r"": ""0.00,0.00,0.00""}"
15,Baseline,False,335.0615,gaze_sample,"{""target"": ""Cube""}"
15,Baseline,False,335.1725,head_tracking,"{""input_type"": ""HandTracking"",""h"": ""26.62,1.26,-18.43"",""l"": ""0.00,0.00,0.00"",""r"": ""0.00,0.00,0.00""}"
15,Baseline,False,335.1725,gaze_sample,"{""target"": ""Cube""}"
15,Baseline,False,335.2823,gaze_sample,"{""target"": ""Cube""}"
15,Baseline,False,335.378,head_tracking,"{""input_type"": ""HandTracking"",""h"": ""28.72,1.26,-17.83"",""l"": ""0.00,0.00,0.00"",""r"": ""0.00,0.00,0.00""}"
15,Baseline,False,335.3925,gaze_sample,"{""target"": ""Cube""}"
15,Baseline,False,335.5019,gaze_sample,"{""target"": ""Cube""}"
15,Baseline,False,335.5854,head_tracking,"{""input_type"": ""HandTracking"",""h"": ""28.73,1.26,-17.85"",""l"": ""0.00,0.00,0.00"",""r"": ""0.00,0.00,0.00""}"
15,Baseline,False,335.6134,gaze_sample,"{""target"": ""Cube""}"
15,Baseline,False,335.7246,gaze_sample,"{""target"": ""Cube""}"
15,Baseline,False,335.7947,head_tracking,"{""input_type"": ""HandTracking"",""h"": ""28.74,1.28,-17.88"",""l"": ""0.00,0.00,0.00"",""r"": ""0.00,0.00,0.00""}"
15,Baseline,False,335.8366,gaze_sample,"{""target"": ""Cube""}"
15,Baseline,False,335.9488,gaze_sample,"{""target"": ""Cube""}"
15,Baseline,False,336.0044,head_tracking,"{""input_type"": ""HandTracking"",""h"": ""28.73,1.28,-17.89"",""l"": ""0.00,0.00,0.00"",""r"": ""0.00,0.00,0.00""}"
15,Baseline,False,336.0599,gaze_sample,"{""target"": ""Cube""}"
15,Baseline,False,336.171,gaze_sample,"{""target"": ""P_R_H Battery (2)""}"
15,Baseline,False,336.2129,head_tracking,"{""input_type"": ""HandTracking"",""h"": ""28.73,1.28,-17.88"",""l"": ""0.00,0.00,0.00"",""r"": ""0.00,0.00,0.00""}"
15,Baseline,False,336.2822,gaze_sample,"{""target"": ""P_R_H Battery (2)""}"
15,Baseline,False,336.3934,gaze_sample,"{""target"": ""P_R_H Battery (2)""}"
15,Baseline,False,336.4211,head_tracking,"{""input_type"": ""HandTracking"",""h"": ""28.74,1.29,-17.88"",""l"": ""0.00,0.00,0.00"",""r"": ""0.00,0.00,0.00""}"
15,Baseline,False,336.5047,gaze_sample,"{""target"": ""Cube""}"
15,Baseline,False,336.616,gaze_sample,"{""target"": ""room-small""}"
15,Baseline,False,336.63,head_tracking,"{""input_type"": ""HandTracking"",""h"": ""28.74,1.29,-17.90"",""l"": ""0.00,0.00,0.00"",""r"": ""0.00,0.00,0.00""}"
15,Baseline,False,336.7274,gaze_sample,"{""target"": ""room-small""}"
15,Baseline,False,336.8396,head_tracking,"{""input_type"": ""HandTracking"",""h"": ""28.74,1.29,-17.90"",""l"": ""0.00,0.00,0.00"",""r"": ""0.00,0.00,0.00""}"
15,Baseline,False,336.8396,gaze_sample,"{""target"": ""room-small""}"
15,Baseline,False,336.9497,gaze_sample,"{""target"": ""template-wall (1)""}"
15,Baseline,False,337.0466,head_tracking,"{""input_type"": ""HandTracking"",""h"": ""28.73,1.29,-17.89"",""l"": ""0.00,0.00,0.00"",""r"": ""0.00,0.00,0.00""}"
15,Baseline,False,337.0605,gaze_sample,"{""target"": ""P_R_H Battery (2)""}"
15,Baseline,False,337.1712,gaze_sample,"{""target"": ""P_R_H Battery (2)""}"
15,Baseline,False,337.2544,head_tracking,"{""input_type"": ""HandTracking"",""h"": ""28.73,1.30,-17.89"",""l"": ""0.00,0.00,0.00"",""r"": ""0.00,0.00,0.00""}"
15,Baseline,False,337.2825,gaze_sample,"{""target"": ""P_R_H Battery (2)""}"
15,Baseline,False,337.3938,gaze_sample,"{""target"": ""template-wall (1)""}"
15,Baseline,False,337.4633,head_tracking,"{""input_type"": ""HandTracking"",""h"": ""28.72,1.30,-17.89"",""l"": ""0.00,0.00,0.00"",""r"": ""0.00,0.00,0.00""}"
15,Baseline,False,337.5047,gaze_sample,"{""target"": ""template-wall (1)""}"
15,Baseline,False,337.6159,gaze_sample,"{""target"": ""template-wall (1)""}"
15,Baseline,False,337.6721,head_tracking,"{""input_type"": ""HandTracking"",""h"": ""28.71,1.30,-17.89"",""l"": ""0.00,0.00,0.00"",""r"": ""0.00,0.00,0.00""}"
15,Baseline,False,337.7272,gaze_sample,"{""target"": ""template-wall (1)""}"
15,Baseline,False,337.7409,interaction,"{""item"": ""P_R_H Battery (2)"", ""action"": ""grab""}"
15,Baseline,False,337.8384,gaze_sample,"{""target"": ""template-wall (1)""}"
15,Baseline,False,337.88,head_tracking,"{""input_type"": ""HandTracking"",""h"": ""28.71,1.31,-17.89"",""l"": ""0.00,0.00,0.00"",""r"": ""0.00,0.00,0.00""}"
15,Baseline,False,337.9496,gaze_sample,"{""target"": ""template-wall (1)""}"
15,Baseline,False,338.0611,gaze_sample,"{""target"": ""room-small""}"
15,Baseline,False,338.0887,head_tracking,"{""input_type"": ""HandTracking"",""h"": ""28.71,1.31,-17.90"",""l"": ""0.00,0.00,0.00"",""r"": ""0.00,0.00,0.00""}"
15,Baseline,False,338.1721,gaze_sample,"{""target"": ""Sci-fi platform-fbx (5)""}"
15,Baseline,False,338.2832,gaze_sample,"{""target"": ""Sci-fi platform-fbx (5)""}"
15,Baseline,False,338.2971,head_tracking,"{""input_type"": ""HandTracking"",""h"": ""28.70,1.32,-17.91"",""l"": ""0.00,0.00,0.00"",""r"": ""0.00,0.00,0.00""}"
15,Baseline,False,338.3946,gaze_sample,"{""target"": ""Sci-fi platform-fbx (5)""}"
15,Baseline,False,338.5056,head_tracking,"{""input_type"": ""HandTracking"",""h"": ""28.69,1.32,-17.92"",""l"": ""0.00,0.00,0.00"",""r"": ""0.00,0.00,0.00""}"
15,Baseline,False,338.5056,gaze_sample,"{""target"": ""Sci-fi platform-fbx (5)""}"
15,Baseline,False,338.617,gaze_sample,"{""target"": ""Sci-fi platform-fbx (5)""}"
15,Baseline,False,338.7139,head_tracking,"{""input_type"": ""HandTracking"",""h"": ""28.69,1.32,-17.92"",""l"": ""0.00,0.00,0.00"",""r"": ""0.00,0.00,0.00""}"
15,Baseline,False,338.7278,gaze_sample,"{""target"": ""Sci-fi platform-fbx (5)""}"
15,Baseline,False,338.839,gaze_sample,"{""target"": ""Sci-fi platform-fbx (5)""}"
15,Baseline,False,338.9221,head_tracking,"{""input_type"": ""HandTracking"",""h"": ""28.69,1.32,-17.92"",""l"": ""0.00,0.00,0.00"",""r"": ""0.00,0.00,0.00""}"
15,Baseline,False,338.9501,gaze_sample,"{""target"": ""Sci-fi platform-fbx (5)""}"
15,Baseline,False,339.0611,gaze_sample,"{""target"": ""Sci-fi platform-fbx (5)""}"
15,Baseline,False,339.1306,head_tracking,"{""input_type"": ""HandTracking"",""h"": ""28.70,1.32,-17.92"",""l"": ""0.00,0.00,0.00"",""r"": ""0.00,0.00,0.00""}"
15,Baseline,False,339.1721,gaze_sample,"{""target"": ""Sci-fi platform-fbx (5)""}"
15,Baseline,False,339.2834,gaze_sample,"{""target"": ""Sci-fi platform-fbx (5)""}"
15,Baseline,False,339.3387,head_tracking,"{""input_type"": ""HandTracking"",""h"": ""28.71,1.32,-17.92"",""l"": ""0.00,0.00,0.00"",""r"": ""0.00,0.00,0.00""}"
15,Baseline,False,339.3945,gaze_sample,"{""target"": ""Sci-fi platform-fbx (5)""}"
15,Baseline,False,339.5056,gaze_sample,"{""target"": ""Sci-fi platform-fbx (5)""}"
15,Baseline,False,339.5471,head_tracking,"{""input_type"": ""HandTracking"",""h"": ""28.72,1.32,-17.91"",""l"": ""0.00,0.00,0.00"",""r"": ""0.00,0.00,0.00""}"
15,Baseline,False,339.6161,gaze_sample,"{""target"": ""Sci-fi platform-fbx (5)""}"
15,Baseline,False,339.7272,gaze_sample,"{""target"": ""Sci-fi platform-fbx (5)""}"
15,Baseline,False,339.7552,head_tracking,"{""input_type"": ""HandTracking"",""h"": ""28.73,1.32,-17.91"",""l"": ""0.00,0.00,0.00"",""r"": ""0.00,0.00,0.00""}"
15,Baseline,False,339.8384,gaze_sample,"{""target"": ""Sci-fi platform-fbx (5)""}"
15,Baseline,False,339.8523,battery_sorted,"{""total"": 6}"
15,Baseline,False,339.9497,gaze_sample,"{""target"": ""Sci-fi platform-fbx (5)""}"
15,Baseline,False,339.9636,head_tracking,"{""input_type"": ""HandTracking"",""h"": ""28.74,1.32,-17.91"",""l"": ""0.00,0.00,0.00"",""r"": ""0.00,0.00,0.00""}"
15,Baseline,False,340.0607,gaze_sample,"{""target"": ""Sci-fi platform-fbx (5)""}"
15,Baseline,False,340.1717,head_tracking,"{""input_type"": ""HandTracking"",""h"": ""28.73,1.32,-17.91"",""l"": ""0.00,0.00,0.00"",""r"": ""0.00,0.00,0.00""}"
15,Baseline,False,340.1717,gaze_sample,"{""target"": ""Sci-fi platform-fbx (5)""}"
15,Baseline,False,340.2831,gaze_sample,"{""target"": ""Sci-fi platform-fbx (5)""}"
15,Baseline,False,340.3803,head_tracking,"{""input_type"": ""HandTracking"",""h"": ""28.73,1.32,-17.91"",""l"": ""0.00,0.00,0.00"",""r"": ""0.00,0.00,0.00""}"
15,Baseline,False,340.394,gaze_sample,"{""target"": ""Sci-fi platform-fbx (5)""}"
15,Baseline,False,340.5052,gaze_sample,"{""target"": ""Sci-fi platform-fbx (5)""}"
15,Baseline,False,340.5885,head_tracking,"{""input_type"": ""HandTracking"",""h"": ""28.72,1.32,-17.91"",""l"": ""0.00,0.00,0.00"",""r"": ""0.00,0.00,0.00""}"
15,Baseline,False,340.6164,gaze_sample,"{""target"": ""Sci-fi platform-fbx (5)""}"
15,Baseline,False,340.7277,gaze_sample,"{""target"": ""Sci-fi platform-fbx (5)""}"
15,Baseline,False,340.7968,head_tracking,"{""input_type"": ""HandTracking"",""h"": ""28.72,1.32,-17.90"",""l"": ""0.00,0.00,0.00"",""r"": ""0.00,0.00,0.00""}"
15,Baseline,False,340.8387,gaze_sample,"{""target"": ""Sci-fi platform-fbx (5)""}"
15,Baseline,False,340.9505,gaze_sample,"{""target"": ""room-small""}"
15,Baseline,False,341.004,head_tracking,"{""input_type"": ""HandTracking"",""h"": ""28.71,1.30,-17.89"",""l"": ""0.00,0.00,0.00"",""r"": ""0.00,0.00,0.00""}"
15,Baseline,False,341.0582,gaze_sample,"{""target"": ""Cube""}"
15,Baseline,False,341.168,gaze_sample,"{""target"": ""Cube""}"
15,Baseline,False,341.2096,head_tracking,"{""input_type"": ""HandTracking"",""h"": ""28.70,1.30,-17.87"",""l"": ""0.00,0.00,0.00"",""r"": ""0.00,0.00,0.00""}"
15,Baseline,False,341.2788,gaze_sample,"{""target"": ""room-small""}"
15,Baseline,False,341.3906,gaze_sample,"{""target"": ""gate-lasers""}"
15,Baseline,False,341.4178,head_tracking,"{""input_type"": ""HandTracking"",""h"": ""28.69,1.30,-17.87"",""l"": ""0.00,0.00,0.00"",""r"": ""0.00,0.00,0.00""}"
15,Baseline,False,341.5016,gaze_sample,"{""target"": ""Sci-fi platform-fbx (6)""}"
15,Baseline,False,341.6124,gaze_sample,"{""target"": ""Sci-fi platform-fbx (6)""}"
15,Baseline,False,341.6263,head_tracking,"{""input_type"": ""HandTracking"",""h"": ""28.68,1.30,-17.86"",""l"": ""0.00,0.00,0.00"",""r"": ""0.00,0.00,0.00""}"
15,Baseline,False,341.7247,gaze_sample,"{""target"": ""template-wall (2)""}"
15,Baseline,False,341.837,head_tracking,"{""input_type"": ""HandTracking"",""h"": ""28.68,1.30,-17.86"",""l"": ""0.00,0.00,0.00"",""r"": ""0.00,0.00,0.00""}"
15,Baseline,False,341.837,gaze_sample,"{""target"": ""template-wall (2)""}"
15,Baseline,False,341.9481,gaze_sample,"{""target"": ""template-wall (2)""}"
15,Baseline,False,342.0454,head_tracking,"{""input_type"": ""HandTracking"",""h"": ""28.69,1.29,-17.85"",""l"": ""0.00,0.00,0.00"",""r"": ""0.00,0.00,0.00""}"
15,Baseline,False,342.0594,gaze_sample,"{""target"": ""template-wall (2)""}"
15,Baseline,False,342.1706,gaze_sample,"{""target"": ""template-wall (2)""}"
15,Baseline,False,342.254,head_tracking,"{""input_type"": ""HandTracking"",""h"": ""28.69,1.29,-17.86"",""l"": ""0.00,0.00,0.00"",""r"": ""0.00,0.00,0.00""}"
15,Baseline,False,342.2816,gaze_sample,"{""target"": ""template-wall (2)""}"
15,Baseline,False,342.3929,gaze_sample,"{""target"": ""template-wall (2)""}"
15,Baseline,False,342.4624,head_tracking,"{""input_type"": ""HandTracking"",""h"": ""28.70,1.27,-17.85"",""l"": ""0.00,0.00,0.00"",""r"": ""0.00,0.00,0.00""}"
15,Baseline,False,342.5041,gaze_sample,"{""target"": ""template-wall (2)""}"
15,Baseline,False,342.6154,gaze_sample,"{""target"": ""template-wall (2)""}"
15,Baseline,False,342.6717,head_tracking,"{""input_type"": ""HandTracking"",""h"": ""28.71,1.26,-17.85"",""l"": ""0.00,0.00,0.00"",""r"": ""0.00,0.00,0.00""}"
15,Baseline,False,342.7268,gaze_sample,"{""target"": ""template-wall (2)""}"
15,Baseline,False,342.838,gaze_sample,"{""target"": ""template-wall (2)""}"
15,Baseline,False,342.8795,head_tracking,"{""input_type"": ""HandTracking"",""h"": ""28.73,1.26,-17.84"",""l"": ""0.00,0.00,0.00"",""r"": ""0.00,0.00,0.00""}"
15,Baseline,False,342.9491,gaze_sample,"{""target"": ""template-wall (2)""}"
15,Baseline,False,343.0605,gaze_sample,"{""target"": ""template-wall (2)""}"
15,Baseline,False,343.0879,head_tracking,"{""input_type"": ""HandTracking"",""h"": ""28.74,1.26,-17.83"",""l"": ""0.00,0.00,0.00"",""r"": ""0.00,0.00,0.00""}"
15,Baseline,False,343.1711,gaze_sample,"{""target"": ""template-wall (2)""}"
15,Baseline,False,343.2407,interaction,"{""item"": ""P_R_H Battery"", ""action"": ""grab""}"
15,Baseline,False,343.2824,gaze_sample,"{""target"": ""template-wall (2)""}"
15,Baseline,False,343.2963,head_tracking,"{""input_type"": ""HandTracking"",""h"": ""28.74,1.26,-17.83"",""l"": ""0.00,0.00,0.00"",""r"": ""0.00,0.00,0.00""}"
15,Baseline,False,343.3939,gaze_sample,"{""target"": ""template-wall (2)""}"
15,Baseline,False,343.5043,head_tracking,"{""input_type"": ""HandTracking"",""h"": ""28.74,1.27,-17.84"",""l"": ""0.00,0.00,0.00"",""r"": ""0.00,0.00,0.00""}"
15,Baseline,False,343.5043,gaze_sample,"{""target"": ""template-wall (2)""}"
15,Baseline,False,343.6153,gaze_sample,"{""target"": ""template-wall (2)""}"
15,Baseline,False,343.7123,head_tracking,"{""input_type"": ""HandTracking"",""h"": ""28.75,1.29,-17.85"",""l"": ""0.00,0.00,0.00"",""r"": ""0.00,0.00,0.00""}"
15,Baseline,False,343.7258,gaze_sample,"{""target"": ""Sci-fi platform-fbx (4)""}"
15,Baseline,False,343.8364,gaze_sample,"{""target"": ""Sci-fi platform-fbx (4)""}"
15,Baseline,False,343.9191,head_tracking,"{""input_type"": ""HandTracking"",""h"": ""28.76,1.29,-17.85"",""l"": ""0.00,0.00,0.00"",""r"": ""0.00,0.00,0.00""}"
15,Baseline,False,343.947,gaze_sample,"{""target"": ""Sci-fi platform-fbx (4)""}"
15,Baseline,False,344.0583,gaze_sample,"{""target"": ""P_R_H Battery""}"
15,Baseline,False,344.1278,head_tracking,"{""input_type"": ""HandTracking"",""h"": ""28.75,1.30,-17.86"",""l"": ""0.00,0.00,0.00"",""r"": ""0.00,0.00,0.00""}"
15,Baseline,False,344.1693,gaze_sample,"{""target"": ""P_R_H Battery""}"
15,Baseline,False,344.2816,gaze_sample,"{""target"": ""room-small""}"
15,Baseline,False,344.3359,head_tracking,"{""input_type"": ""HandTracking"",""h"": ""28.72,1.30,-17.84"",""l"": ""0.00,0.00,0.00"",""r"": ""0.00,0.00,0.00""}"
15,Baseline,False,344.3915,gaze_sample,"{""target"": ""Cube""}"
15,Baseline,False,344.5025,gaze_sample,"{""target"": ""Cube""}"
15,Baseline,False,344.5443,head_tracking,"{""input_type"": ""HandTracking"",""h"": ""28.71,1.30,-17.83"",""l"": ""0.00,0.00,0.00"",""r"": ""0.00,0.00,0.00""}"
15,Baseline,False,344.6136,gaze_sample,"{""target"": ""Cube""}"
15,Baseline,False,344.7247,gaze_sample,"{""target"": ""Cube""}"
15,Baseline,False,344.7528,head_tracking,"{""input_type"": ""HandTracking"",""h"": ""28.69,1.30,-17.81"",""l"": ""0.00,0.00,0.00"",""r"": ""0.00,0.00,0.00""}"
15,Baseline,False,344.8356,gaze_sample,"{""target"": ""Cube""}"
15,Baseline,False,344.9466,gaze_sample,"{""target"": ""Cube""}"
15,Baseline,False,344.9607,head_tracking,"{""input_type"": ""HandTracking"",""h"": ""28.67,1.30,-17.81"",""l"": ""0.00,0.00,0.00"",""r"": ""0.00,0.00,0.00""}"
15,Baseline,False,345.0578,gaze_sample,"{""target"": ""Cube""}"
15,Baseline,False,345.169,head_tracking,"{""input_type"": ""HandTracking"",""h"": ""28.67,1.30,-17.82"",""l"": ""0.00,0.00,0.00"",""r"": ""0.00,0.00,0.00""}"
15,Baseline,False,345.169,gaze_sample,"{""target"": ""Cube""}"
15,Baseline,False,345.2798,gaze_sample,"{""target"": ""Cube""}"
15,Baseline,False,345.3774,head_tracking,"{""input_type"": ""HandTracking"",""h"": ""28.67,1.30,-17.83"",""l"": ""0.00,0.00,0.00"",""r"": ""0.00,0.00,0.00""}"
15,Baseline,False,345.3913,gaze_sample,"{""target"": ""Cube""}"
15,Baseline,False,345.5023,gaze_sample,"{""target"": ""Cube""}"
15,Baseline,False,345.5854,head_tracking,"{""input_type"": ""HandTracking"",""h"": ""28.68,1.30,-17.83"",""l"": ""0.00,0.00,0.00"",""r"": ""0.00,0.00,0.00""}"
15,Baseline,False,345.6134,gaze_sample,"{""target"": ""Cube""}"
15,Baseline,False,345.7245,gaze_sample,"{""target"": ""Cube""}"
15,Baseline,False,345.7942,head_tracking,"{""input_type"": ""HandTracking"",""h"": ""28.68,1.30,-17.84"",""l"": ""0.00,0.00,0.00"",""r"": ""0.00,0.00,0.00""}"
15,Baseline,False,345.8358,gaze_sample,"{""target"": ""Cube""}"
15,Baseline,False,345.9468,gaze_sample,"{""target"": ""Cube""}"
15,Baseline,False,346.0036,head_tracking,"{""input_type"": ""HandTracking"",""h"": ""28.68,1.30,-17.83"",""l"": ""0.00,0.00,0.00"",""r"": ""0.00,0.00,0.00""}"
15,Baseline,False,346.058,gaze_sample,"{""target"": ""Cube""}"
15,Baseline,False,346.1692,gaze_sample,"{""target"": ""Cube""}"
15,Baseline,False,346.211,head_tracking,"{""input_type"": ""HandTracking"",""h"": ""28.68,1.29,-17.83"",""l"": ""0.00,0.00,0.00"",""r"": ""0.00,0.00,0.00""}"
15,Baseline,False,346.2805,gaze_sample,"{""target"": ""Cube""}"
15,Baseline,False,346.3922,gaze_sample,"{""target"": ""Cube""}"
15,Baseline,False,346.4194,head_tracking,"{""input_type"": ""HandTracking"",""h"": ""28.67,1.29,-17.84"",""l"": ""0.00,0.00,0.00"",""r"": ""0.00,0.00,0.00""}"
15,Baseline,False,346.5026,gaze_sample,"{""target"": ""Cube""}"
15,Baseline,False,346.6138,gaze_sample,"{""target"": ""Cube""}"
15,Baseline,False,346.6277,head_tracking,"{""input_type"": ""HandTracking"",""h"": ""28.67,1.29,-17.84"",""l"": ""0.00,0.00,0.00"",""r"": ""0.00,0.00,0.00""}"
15,Baseline,False,346.7249,gaze_sample,"{""target"": ""Cube""}"
15,Baseline,False,346.8358,head_tracking,"{""input_type"": ""HandTracking"",""h"": ""28.66,1.28,-17.85"",""l"": ""0.00,0.00,0.00"",""r"": ""0.00,0.00,0.00""}"
15,Baseline,False,346.8358,gaze_sample,"{""target"": ""Cube""}"
15,Baseline,False,346.9472,gaze_sample,"{""target"": ""Cube""}"
15,Baseline,False,347.0449,head_tracking,"{""input_type"": ""HandTracking"",""h"": ""28.67,1.29,-17.85"",""l"": ""0.00,0.00,0.00"",""r"": ""0.00,0.00,0.00""}"
15,Baseline,False,347.0587,gaze_sample,"{""target"": ""Cube""}"
15,Baseline,False,347.1701,gaze_sample,"{""target"": ""P_R_H Battery""}"
15,Baseline,False,347.2542,head_tracking,"{""input_type"": ""HandTracking"",""h"": ""27.75,1.29,-16.30"",""l"": ""0.00,0.00,0.00"",""r"": ""0.00,0.00,0.00""}"
15,Baseline,False,347.282,gaze_sample,"{""target"": ""P_R_H Battery""}"
15,Baseline,False,347.3932,gaze_sample,"{""target"": ""P_R_H Battery""}"
15,Baseline,False,347.463,head_tracking,"{""input_type"": ""HandTracking"",""h"": ""27.75,1.30,-16.31"",""l"": ""0.00,0.00,0.00"",""r"": ""0.00,0.00,0.00""}"
15,Baseline,False,347.5043,gaze_sample,"{""target"": ""P_R_H Battery""}"
15,Baseline,False,347.6154,gaze_sample,"{""target"": ""P_R_H Battery""}"
15,Baseline,False,347.6706,head_tracking,"{""input_type"": ""HandTracking"",""h"": ""27.76,1.30,-16.31"",""l"": ""0.00,0.00,0.00"",""r"": ""0.00,0.00,0.00""}"
15,Baseline,False,347.726,gaze_sample,"{""target"": ""P_R_H Battery""}"
15,Baseline,False,347.8096,interaction,"{""item"": ""P_R_H Battery"", ""action"": ""grab""}"
15,Baseline,False,347.8372,gaze_sample,"{""target"": ""P_R_H Battery""}"
15,Baseline,False,347.8788,head_tracking,"{""input_type"": ""HandTracking"",""h"": ""27.77,1.31,-16.32"",""l"": ""0.00,0.00,0.00"",""r"": ""0.00,0.00,0.00""}"
15,Baseline,False,347.949,gaze_sample,"{""target"": ""Sci-fi platform-fbx (4)""}"
15,Baseline,False,348.0593,gaze_sample,"{""target"": ""Sci-fi platform-fbx (4)""}"
15,Baseline,False,348.0872,head_tracking,"{""input_type"": ""HandTracking"",""h"": ""27.77,1.31,-16.31"",""l"": ""0.00,0.00,0.00"",""r"": ""0.00,0.00,0.00""}"
15,Baseline,False,348.1702,gaze_sample,"{""target"": ""P_R_H Battery""}"
15,Baseline,False,348.2813,gaze_sample,"{""target"": ""P_R_H Battery""}"
15,Baseline,False,348.2952,head_tracking,"{""input_type"": ""HandTracking"",""h"": ""27.76,1.31,-16.29"",""l"": ""0.00,0.00,0.00"",""r"": ""0.00,0.00,0.00""}"
15,Baseline,False,348.3925,gaze_sample,"{""target"": ""P_R_H Battery""}"
15,Baseline,False,348.5037,head_tracking,"{""input_type"": ""HandTracking"",""h"": ""27.76,1.31,-16.28"",""l"": ""0.00,0.00,0.00"",""r"": ""0.00,0.00,0.00""}"
15,Baseline,False,348.5037,gaze_sample,"{""target"": ""P_R_H Battery""}"
15,Baseline,False,348.6146,gaze_sample,"{""target"": ""P_R_H Battery""}"
15,Baseline,False,348.7118,head_tracking,"{""input_type"": ""HandTracking"",""h"": ""27.75,1.31,-16.28"",""l"": ""0.00,0.00,0.00"",""r"": ""0.00,0.00,0.00""}"
15,Baseline,False,348.7257,gaze_sample,"{""target"": ""P_R_H Battery""}"
15,Baseline,False,348.8369,gaze_sample,"{""target"": ""P_R_H Battery""}"
15,Baseline,False,348.9203,head_tracking,"{""input_type"": ""HandTracking"",""h"": ""27.75,1.31,-16.28"",""l"": ""0.00,0.00,0.00"",""r"": ""0.00,0.00,0.00""}"
15,Baseline,False,348.9481,gaze_sample,"{""target"": ""P_R_H Battery""}"
15,Baseline,False,349.0591,gaze_sample,"{""target"": ""P_R_H Battery""}"
15,Baseline,False,349.1285,head_tracking,"{""input_type"": ""HandTracking"",""h"": ""27.75,1.30,-16.28"",""l"": ""0.00,0.00,0.00"",""r"": ""0.00,0.00,0.00""}"
15,Baseline,False,349.17,gaze_sample,"{""target"": ""Cube""}"
15,Baseline,False,349.2812,gaze_sample,"{""target"": ""Cube""}"
15,Baseline,False,349.3363,head_tracking,"{""input_type"": ""HandTracking"",""h"": ""27.75,1.29,-16.28"",""l"": ""0.00,0.00,0.00"",""r"": ""0.00,0.00,0.00""}"
15,Baseline,False,349.3922,gaze_sample,"{""target"": ""Cube""}"
15,Baseline,False,349.5036,gaze_sample,"{""target"": ""Cube""}"
15,Baseline,False,349.5447,head_tracking,"{""input_type"": ""HandTracking"",""h"": ""27.74,1.29,-16.30"",""l"": ""0.00,0.00,0.00"",""r"": ""0.00,0.00,0.00""}"
15,Baseline,False,349.614,gaze_sample,"{""target"": ""Cube""}"
15,Baseline,False,349.7251,gaze_sample,"{""target"": ""Cube""}"
15,Baseline,False,349.7529,head_tracking,"{""input_type"": ""HandTracking"",""h"": ""27.75,1.30,-16.31"",""l"": ""0.00,0.00,0.00"",""r"": ""0.00,0.00,0.00""}"
15,Baseline,False,349.8364,gaze_sample,"{""target"": ""Cube""}"
15,Baseline,False,349.9476,gaze_sample,"{""target"": ""P_R_H Battery""}"
15,Baseline,False,349.9616,head_tracking,"{""input_type"": ""HandTracking"",""h"": ""27.75,1.30,-16.33"",""l"": ""0.00,0.00,0.00"",""r"": ""0.00,0.00,0.00""}"
15,Baseline,False,350.0586,gaze_sample,"{""target"": ""P_R_H Battery""}"
15,Baseline,False,350.1698,head_tracking,"{""input_type"": ""HandTracking"",""h"": ""27.76,1.30,-16.34"",""l"": ""0.00,0.00,0.00"",""r"": ""0.00,0.00,0.00""}"
15,Baseline,False,350.1698,gaze_sample,"{""target"": ""P_R_H Battery""}"
15,Baseline,False,350.2813,gaze_sample,"{""target"": ""P_R_H Battery""}"
15,Baseline,False,350.3783,head_tracking,"{""input_type"": ""HandTracking"",""h"": ""27.77,1.30,-16.35"",""l"": ""0.00,0.00,0.00"",""r"": ""0.00,0.00,0.00""}"
15,Baseline,False,350.3921,gaze_sample,"{""target"": ""P_R_H Battery""}"
15,Baseline,False,350.5034,gaze_sample,"{""target"": ""P_R_H Battery""}"
15,Baseline,False,350.5312,interaction,"{""item"": ""P_R_H Battery"", ""action"": ""grab""}"
15,Baseline,False,350.5867,head_tracking,"{""input_type"": ""HandTracking"",""h"": ""27.79,1.31,-16.36"",""l"": ""0.00,0.00,0.00"",""r"": ""0.00,0.00,0.00""}"
15,Baseline,False,350.6145,gaze_sample,"{""target"": ""Sci-fi platform-fbx (4)""}"
15,Baseline,False,350.7256,gaze_sample,"{""target"": ""Sci-fi platform-fbx (4)""}"
15,Baseline,False,350.7952,head_tracking,"{""input_type"": ""HandTracking"",""h"": ""27.80,1.31,-16.36"",""l"": ""0.00,0.00,0.00"",""r"": ""0.00,0.00,0.00""}"
15,Baseline,False,350.8367,gaze_sample,"{""target"": ""Sci-fi platform-fbx (4)""}"
15,Baseline,False,350.9476,gaze_sample,"{""target"": ""Sci-fi platform-fbx (4)""}"
15,Baseline,False,351.0034,head_tracking,"{""input_type"": ""HandTracking"",""h"": ""27.79,1.31,-16.35"",""l"": ""0.00,0.00,0.00"",""r"": ""0.00,0.00,0.00""}"
15,Baseline,False,351.0588,gaze_sample,"{""target"": ""Sci-fi platform-fbx (4)""}"
15,Baseline,False,351.1699,gaze_sample,"{""target"": ""Sci-fi platform-fbx (4)""}"
15,Baseline,False,351.2117,head_tracking,"{""input_type"": ""HandTracking"",""h"": ""27.78,1.32,-16.35"",""l"": ""0.00,0.00,0.00"",""r"": ""0.00,0.00,0.00""}"
15,Baseline,False,351.2811,gaze_sample,"{""target"": ""Sci-fi platform-fbx (4)""}"
15,Baseline,False,351.3922,gaze_sample,"{""target"": ""Sci-fi platform-fbx (4)""}"
15,Baseline,False,351.4201,head_tracking,"{""input_type"": ""HandTracking"",""h"": ""27.77,1.32,-16.35"",""l"": ""0.00,0.00,0.00"",""r"": ""0.00,0.00,0.00""}"
15,Baseline,False,351.5033,gaze_sample,"{""target"": ""Sci-fi platform-fbx (4)""}"
15,Baseline,False,351.6153,gaze_sample,"{""target"": ""room-small""}"
15,Baseline,False,351.6282,head_tracking,"{""input_type"": ""HandTracking"",""h"": ""27.77,1.32,-16.32"",""l"": ""0.00,0.00,0.00"",""r"": ""0.00,0.00,0.00""}"
15,Baseline,False,351.7253,gaze_sample,"{""target"": ""room-small""}"
15,Baseline,False,351.8364,head_tracking,"{""input_type"": ""HandTracking"",""h"": ""27.76,1.32,-16.30"",""l"": ""0.00,0.00,0.00"",""r"": ""0.00,0.00,0.00""}"
15,Baseline,False,351.8364,gaze_sample,"{""target"": ""room-small""}"
15,Baseline,False,351.9474,gaze_sample,"{""target"": ""room-small""}"
15,Baseline,False,352.0446,head_tracking,"{""input_type"": ""HandTracking"",""h"": ""27.75,1.32,-16.28"",""l"": ""0.00,0.00,0.00"",""r"": ""0.00,0.00,0.00""}"
15,Baseline,False,352.0586,gaze_sample,"{""target"": ""room-small""}"
15,Baseline,False,352.1696,gaze_sample,"{""target"": ""room-small""}"
15,Baseline,False,352.2535,head_tracking,"{""input_type"": ""HandTracking"",""h"": ""27.74,1.32,-16.27"",""l"": ""0.00,0.00,0.00"",""r"": ""0.00,0.00,0.00""}"
15,Baseline,False,352.2807,gaze_sample,"{""target"": ""room-small""}"
15,Baseline,False,352.3919,gaze_sample,"{""target"": ""room-small""}"
15,Baseline,False,352.4614,head_tracking,"{""input_type"": ""HandTracking"",""h"": ""27.74,1.32,-16.28"",""l"": ""0.00,0.00,0.00"",""r"": ""0.00,0.00,0.00""}"
15,Baseline,False,352.503,gaze_sample,"{""target"": ""room-small""}"
15,Baseline,False,352.6143,gaze_sample,"{""target"": ""room-small""}"
15,Baseline,False,352.6697,head_tracking,"{""input_type"": ""HandTracking"",""h"": ""27.73,1.32,-16.28"",""l"": ""0.00,0.00,0.00"",""r"": ""0.00,0.00,0.00""}"
15,Baseline,False,352.7256,gaze_sample,"{""target"": ""room-small""}"
15,Baseline,False,352.8365,gaze_sample,"{""target"": ""room-small""}"
15,Baseline,False,352.8782,head_tracking,"{""input_type"": ""HandTracking"",""h"": ""27.72,1.32,-16.25"",""l"": ""0.00,0.00,0.00"",""r"": ""0.00,0.00,0.00""}"
15,Baseline,False,352.9475,gaze_sample,"{""target"": ""room-small""}"
15,Baseline,False,353.0586,gaze_sample,"{""target"": ""room-small""}"
15,Baseline,False,353.0865,head_tracking,"{""input_type"": ""HandTracking"",""h"": ""27.71,1.32,-16.22"",""l"": ""0.00,0.00,0.00"",""r"": ""0.00,0.00,0.00""}"
15,Baseline,False,353.1707,gaze_sample,"{""target"": ""room-small""}"
15,Baseline,False,353.2806,gaze_sample,"{""target"": ""room-small""}"
15,Baseline,False,353.2946,head_tracking,"{""input_type"": ""HandTracking"",""h"": ""27.69,1.31,-16.21"",""l"": ""0.00,0.00,0.00"",""r"": ""0.00,0.00,0.00""}"
15,Baseline,False,353.3918,gaze_sample,"{""target"": ""room-small""}"
15,Baseline,False,353.503,head_tracking,"{""input_type"": ""HandTracking"",""h"": ""27.68,1.31,-16.20"",""l"": ""0.00,0.00,0.00"",""r"": ""0.00,0.00,0.00""}"
15,Baseline,False,353.503,gaze_sample,"{""target"": ""room-small""}"
15,Baseline,False,353.6142,gaze_sample,"{""target"": ""room-small""}"
15,Baseline,False,353.7113,head_tracking,"{""input_type"": ""HandTracking"",""h"": ""27.67,1.31,-16.19"",""l"": ""0.00,0.00,0.00"",""r"": ""0.00,0.00,0.00""}"
15,Baseline,False,353.7252,gaze_sample,"{""target"": ""room-small""}"
15,Baseline,False,353.8361,gaze_sample,"{""target"": ""room-small""}"
15,Baseline,False,353.9195,head_tracking,"{""input_type"": ""HandTracking"",""h"": ""27.66,1.31,-16.17"",""l"": ""0.00,0.00,0.00"",""r"": ""0.00,0.00,0.00""}"
15,Baseline,False,353.9473,gaze_sample,"{""target"": ""room-small""}"
15,Baseline,False,354.0586,battery_sorted,"{""total"": 7}"
15,Baseline,False,354.0586,experiment_paused,"{""isPaused"": True}"
15,Baseline,False,354.0586,survey_break_started,"{}"
15,Baseline,False,354.0586,gaze_sample,"{""target"": ""room-small""}"
15,Baseline,False,354.0586,ui_mode_change,"{""mode"": ""Static_HUD""}"
15,Baseline,False,354.0586,experiment_paused,"{""isPaused"": False}"
15,Optimized ,True,354.0586,condition_swapped,"{""new_profile"": ""Optimized ""}"
15,Optimized ,True,354.0586,ui_mode_change,"{""mode"": ""Wrist_Diegetic""}"
15,Optimized ,True,354.1283,head_tracking,"{""input_type"": ""Controller"",""h"": ""27.85,1.34,-11.18"",""l"": ""27.70,0.79,-11.08"",""r"": ""27.67,1.07,-10.93""}"
15,Optimized ,True,354.1703,gaze_sample,"{""target"": ""room-small""}"
15,Optimized ,True,354.2819,gaze_sample,"{""target"": ""room-small""}"
15,Optimized ,True,354.3376,head_tracking,"{""input_type"": ""Controller"",""h"": ""27.87,1.33,-11.18"",""l"": ""27.72,0.79,-11.07"",""r"": ""27.70,1.09,-10.93""}"
15,Optimized ,True,354.3931,gaze_sample,"{""target"": ""room-small""}"
15,Optimized ,True,354.5044,gaze_sample,"{""target"": ""room-small""}"
15,Optimized ,True,354.5459,head_tracking,"{""input_type"": ""Controller"",""h"": ""27.89,1.34,-11.18"",""l"": ""27.69,0.79,-11.07"",""r"": ""27.68,1.09,-10.94""}"
15,Optimized ,True,354.6153,gaze_sample,"{""target"": ""room-small""}"
15,Optimized ,True,354.7266,gaze_sample,"{""target"": ""room-small""}"
15,Optimized ,True,354.7542,head_tracking,"{""input_type"": ""Controller"",""h"": ""27.89,1.34,-11.18"",""l"": ""27.59,0.84,-11.08"",""r"": ""27.67,1.08,-10.93""}"
15,Optimized ,True,354.8377,gaze_sample,"{""target"": ""room-small""}"
15,Optimized ,True,354.949,gaze_sample,"{""target"": ""room-small""}"
15,Optimized ,True,354.9628,head_tracking,"{""input_type"": ""Controller"",""h"": ""27.88,1.34,-11.17"",""l"": ""27.49,0.95,-11.14"",""r"": ""27.63,1.08,-10.93""}"
15,Optimized ,True,355.0598,gaze_sample,"{""target"": ""room-small""}"
15,Optimized ,True,355.1712,head_tracking,"{""input_type"": ""Controller"",""h"": ""27.87,1.34,-11.17"",""l"": ""27.45,1.01,-11.19"",""r"": ""27.58,1.07,-10.94""}"
15,Optimized ,True,355.1712,gaze_sample,"{""target"": ""room-small""}"
15,Optimized ,True,355.2823,gaze_sample,"{""target"": ""room-small""}"
15,Optimized ,True,355.3792,head_tracking,"{""input_type"": ""Controller"",""h"": ""27.86,1.33,-11.17"",""l"": ""27.40,1.01,-11.27"",""r"": ""27.50,1.07,-11.09""}"
15,Optimized ,True,355.3932,gaze_sample,"{""target"": ""room-small""}"
15,Optimized ,True,355.5044,gaze_sample,"{""target"": ""room-small""}"
15,Optimized ,True,355.5879,head_tracking,"{""input_type"": ""Controller"",""h"": ""27.85,1.33,-11.17"",""l"": ""27.40,1.01,-11.28"",""r"": ""27.53,1.12,-11.01""}"
15,Optimized ,True,355.6155,gaze_sample,"{""target"": ""room-small""}"
15,Optimized ,True,355.7271,gaze_sample,"{""target"": ""room-small""}"
15,Optimized ,True,355.7959,head_tracking,"{""input_type"": ""Controller"",""h"": ""27.86,1.33,-11.17"",""l"": ""27.41,1.05,-11.23"",""r"": ""27.61,1.16,-10.89""}"
15,Optimized ,True,355.8376,gaze_sample,"{""target"": ""room-small""}"
15,Optimized ,True,355.949,gaze_sample,"{""target"": ""room-small""}"
15,Optimized ,True,356.0044,head_tracking,"{""input_type"": ""Controller"",""h"": ""27.86,1.33,-11.18"",""l"": ""27.44,1.13,-11.19"",""r"": ""27.60,1.16,-10.94""}"
15,Optimized ,True,356.0601,gaze_sample,"{""target"": ""room-small""}"
15,Optimized ,True,356.1714,gaze_sample,"{""target"": ""room-small""}"
15,Optimized ,True,356.2126,head_tracking,"{""input_type"": ""Controller"",""h"": ""27.85,1.33,-11.18"",""l"": ""27.46,1.15,-11.17"",""r"": ""27.58,1.15,-10.99""}"
15,Optimized ,True,356.2821,gaze_sample,"{""target"": ""room-small""}"
15,Optimized ,True,356.3932,gaze_sample,"{""target"": ""room-small""}"
15,Optimized ,True,356.4209,head_tracking,"{""input_type"": ""Controller"",""h"": ""27.84,1.33,-11.19"",""l"": ""27.44,1.11,-11.18"",""r"": ""27.58,1.15,-10.91""}"
15,Optimized ,True,356.5044,gaze_sample,"{""target"": ""room-small""}"
15,Optimized ,True,356.6154,gaze_sample,"{""target"": ""room-small""}"
15,Optimized ,True,356.6297,head_tracking,"{""input_type"": ""Controller"",""h"": ""27.84,1.33,-11.19"",""l"": ""27.43,1.09,-11.16"",""r"": ""27.56,1.11,-10.97""}"
15,Optimized ,True,356.727,gaze_sample,"{""target"": ""room-small""}"
15,Optimized ,True,356.8375,head_tracking,"{""input_type"": ""Controller"",""h"": ""27.83,1.33,-11.19"",""l"": ""27.42,1.08,-11.18"",""r"": ""27.54,1.10,-10.92""}"
15,Optimized ,True,356.8375,gaze_sample,"{""target"": ""room-small""}"
15,Optimized ,True,356.9485,gaze_sample,"{""target"": ""room-small""}"
15,Optimized ,True,357.0457,head_tracking,"{""input_type"": ""Controller"",""h"": ""27.84,1.33,-11.18"",""l"": ""27.41,1.07,-11.17"",""r"": ""27.55,1.10,-10.95""}"
15,Optimized ,True,357.0596,gaze_sample,"{""target"": ""room-small""}"
15,Optimized ,True,357.1707,gaze_sample,"{""target"": ""room-small""}"
15,Optimized ,True,357.2539,head_tracking,"{""input_type"": ""Controller"",""h"": ""27.84,1.33,-11.18"",""l"": ""27.43,1.08,-11.15"",""r"": ""27.56,1.12,-10.91""}"
15,Optimized ,True,357.2817,gaze_sample,"{""target"": ""room-small""}"
15,Optimized ,True,357.3931,gaze_sample,"{""target"": ""room-small""}"
15,Optimized ,True,357.4623,head_tracking,"{""input_type"": ""Controller"",""h"": ""27.85,1.33,-11.17"",""l"": ""27.44,1.10,-11.12"",""r"": ""27.56,1.13,-10.92""}"
15,Optimized ,True,357.504,gaze_sample,"{""target"": ""room-small""}"
15,Optimized ,True,357.615,gaze_sample,"{""target"": ""room-small""}"
15,Optimized ,True,357.6705,head_tracking,"{""input_type"": ""Controller"",""h"": ""27.85,1.33,-11.16"",""l"": ""27.46,1.10,-11.07"",""r"": ""27.59,1.14,-10.88""}"
15,Optimized ,True,357.726,gaze_sample,"{""target"": ""room-small""}"
15,Optimized ,True,357.8369,gaze_sample,"{""target"": ""room-small""}"
15,Optimized ,True,357.8789,head_tracking,"{""input_type"": ""Controller"",""h"": ""27.86,1.34,-11.15"",""l"": ""27.49,1.11,-11.02"",""r"": ""27.66,1.15,-10.83""}"
15,Optimized ,True,357.9478,gaze_sample,"{""target"": ""room-small""}"
15,Optimized ,True,358.0583,gaze_sample,"{""target"": ""room-small""}"
15,Optimized ,True,358.0859,head_tracking,"{""input_type"": ""Controller"",""h"": ""27.86,1.34,-11.16"",""l"": ""27.51,1.12,-10.99"",""r"": ""27.67,1.15,-10.82""}"
15,Optimized ,True,358.1695,gaze_sample,"{""target"": ""room-small""}"
15,Optimized ,True,358.2801,gaze_sample,"{""target"": ""room-small""}"
15,Optimized ,True,358.2939,head_tracking,"{""input_type"": ""Controller"",""h"": ""27.87,1.33,-11.15"",""l"": ""27.52,1.12,-10.99"",""r"": ""27.68,1.16,-10.82""}"
15,Optimized ,True,358.3911,gaze_sample,"{""target"": ""room-small""}"
15,Optimized ,True,358.5023,head_tracking,"{""input_type"": ""Controller"",""h"": ""27.89,1.34,-11.16"",""l"": ""27.54,1.12,-10.97"",""r"": ""27.71,1.16,-10.81""}"
15,Optimized ,True,358.5023,gaze_sample,"{""target"": ""room-small""}"
15,Optimized ,True,358.613,gaze_sample,"{""target"": ""gate-lasers""}"
15,Optimized ,True,358.71,head_tracking,"{""input_type"": ""Controller"",""h"": ""27.90,1.33,-11.16"",""l"": ""27.55,1.13,-10.97"",""r"": ""27.76,1.19,-10.80""}"
15,Optimized ,True,358.7238,gaze_sample,"{""target"": ""gate-lasers""}"
15,Optimized ,True,358.8349,gaze_sample,"{""target"": ""gate-lasers""}"
15,Optimized ,True,358.9188,head_tracking,"{""input_type"": ""Controller"",""h"": ""27.90,1.33,-11.16"",""l"": ""27.54,1.13,-10.98"",""r"": ""27.82,1.19,-10.78""}"
15,Optimized ,True,358.9463,gaze_sample,"{""target"": ""gate-lasers""}"
15,Optimized ,True,359.057,gaze_sample,"{""target"": ""gate-lasers""}"
15,Optimized ,True,359.1265,head_tracking,"{""input_type"": ""Controller"",""h"": ""27.91,1.33,-11.16"",""l"": ""27.55,1.14,-10.97"",""r"": ""27.79,1.20,-10.81""}"
15,Optimized ,True,359.1681,gaze_sample,"{""target"": ""gate-lasers""}"
15,Optimized ,True,359.2794,gaze_sample,"{""target"": ""room-small""}"
15,Optimized ,True,359.3351,head_tracking,"{""input_type"": ""Controller"",""h"": ""27.89,1.33,-11.16"",""l"": ""27.55,1.14,-10.97"",""r"": ""27.73,1.24,-10.85""}"
15,Optimized ,True,359.3913,gaze_sample,"{""target"": ""room-small""}"
15,Optimized ,True,359.5016,gaze_sample,"{""target"": ""room-small""}"
15,Optimized ,True,359.5433,head_tracking,"{""input_type"": ""Controller"",""h"": ""27.87,1.33,-11.17"",""l"": ""27.53,1.14,-10.97"",""r"": ""27.66,1.26,-10.85""}"
15,Optimized ,True,359.613,gaze_sample,"{""target"": ""room-small""}"
15,Optimized ,True,359.7239,gaze_sample,"{""target"": ""room-small""}"
15,Optimized ,True,359.7518,head_tracking,"{""input_type"": ""Controller"",""h"": ""27.86,1.33,-11.17"",""l"": ""27.52,1.14,-10.97"",""r"": ""27.62,1.26,-10.86""}"
15,Optimized ,True,359.8351,gaze_sample,"{""target"": ""room-small""}"
15,Optimized ,True,359.9469,gaze_sample,"{""target"": ""room-small""}"
15,Optimized ,True,359.9605,head_tracking,"{""input_type"": ""Controller"",""h"": ""27.85,1.33,-11.18"",""l"": ""27.51,1.13,-10.98"",""r"": ""27.61,1.25,-10.86""}"
15,Optimized ,True,360.0579,gaze_sample,"{""target"": ""room-small""}"
15,Optimized ,True,360.1691,head_tracking,"{""input_type"": ""Controller"",""h"": ""27.86,1.33,-11.18"",""l"": ""27.50,1.13,-10.99"",""r"": ""27.63,1.14,-10.81""}"
15,Optimized ,True,360.1691,gaze_sample,"{""target"": ""room-small""}"
15,Optimized ,True,360.2802,gaze_sample,"{""target"": ""room-small""}"
15,Optimized ,True,360.3772,head_tracking,"{""input_type"": ""Controller"",""h"": ""27.86,1.33,-11.18"",""l"": ""27.51,1.12,-10.98"",""r"": ""27.66,1.04,-10.81""}"
15,Optimized ,True,360.3912,gaze_sample,"{""target"": ""room-small""}"
15,Optimized ,True,360.5024,gaze_sample,"{""target"": ""room-small""}"
15,Optimized ,True,360.5856,head_tracking,"{""input_type"": ""Controller"",""h"": ""27.87,1.33,-11.18"",""l"": ""27.52,1.12,-10.97"",""r"": ""27.63,1.03,-10.81""}"
15,Optimized ,True,360.6135,gaze_sample,"{""target"": ""room-small""}"
15,Optimized ,True,360.7246,gaze_sample,"{""target"": ""room-small""}"
15,Optimized ,True,360.794,head_tracking,"{""input_type"": ""Controller"",""h"": ""27.86,1.33,-11.18"",""l"": ""27.51,1.11,-10.98"",""r"": ""27.61,1.02,-10.81""}"
15,Optimized ,True,360.8357,gaze_sample,"{""target"": ""room-small""}"
15,Optimized ,True,360.9467,gaze_sample,"{""target"": ""room-small""}"
15,Optimized ,True,361.0023,head_tracking,"{""input_type"": ""Controller"",""h"": ""27.86,1.33,-11.18"",""l"": ""27.51,1.11,-10.98"",""r"": ""27.61,1.02,-10.81""}"
15,Optimized ,True,361.058,gaze_sample,"{""target"": ""room-small""}"
15,Optimized ,True,361.169,gaze_sample,"{""target"": ""room-small""}"
15,Optimized ,True,361.2106,head_tracking,"{""input_type"": ""Controller"",""h"": ""27.86,1.33,-11.18"",""l"": ""27.52,1.12,-10.98"",""r"": ""27.61,1.04,-10.81""}"
15,Optimized ,True,361.2801,gaze_sample,"{""target"": ""room-small""}"
15,Optimized ,True,361.3914,gaze_sample,"{""target"": ""room-small""}"
15,Optimized ,True,361.4191,head_tracking,"{""input_type"": ""Controller"",""h"": ""27.86,1.33,-11.19"",""l"": ""27.52,1.14,-11.00"",""r"": ""27.62,1.08,-10.82""}"
15,Optimized ,True,361.5022,gaze_sample,"{""target"": ""room-small""}"
15,Optimized ,True,361.614,gaze_sample,"{""target"": ""room-small""}"
15,Optimized ,True,361.6273,head_tracking,"{""input_type"": ""Controller"",""h"": ""27.86,1.33,-11.19"",""l"": ""27.45,1.15,-11.02"",""r"": ""27.63,1.14,-10.87""}"
15,Optimized ,True,361.7251,gaze_sample,"{""target"": ""room-small""}"
15,Optimized ,True,361.8363,head_tracking,"{""input_type"": ""Controller"",""h"": ""27.84,1.33,-11.19"",""l"": ""27.50,1.20,-10.96"",""r"": ""27.61,1.14,-10.90""}"
15,Optimized ,True,361.8363,gaze_sample,"{""target"": ""room-small""}"
15,Optimized ,True,361.9473,gaze_sample,"{""target"": ""room-small""}"
15,Optimized ,True,362.0446,head_tracking,"{""input_type"": ""Controller"",""h"": ""27.83,1.33,-11.19"",""l"": ""27.46,1.20,-10.99"",""r"": ""27.62,1.14,-10.91""}"
15,Optimized ,True,362.0587,gaze_sample,"{""target"": ""room-small""}"
15,Optimized ,True,362.17,gaze_sample,"{""target"": ""room-small""}"
15,Optimized ,True,362.2535,head_tracking,"{""input_type"": ""Controller"",""h"": ""27.81,1.33,-11.21"",""l"": ""27.41,1.21,-11.06"",""r"": ""27.61,1.14,-10.91""}"
15,Optimized ,True,362.2809,gaze_sample,"{""target"": ""room-small""}"
15,Optimized ,True,362.3924,gaze_sample,"{""target"": ""room-small""}"
15,Optimized ,True,362.4616,head_tracking,"{""input_type"": ""Controller"",""h"": ""27.80,1.32,-11.22"",""l"": ""27.36,1.19,-11.10"",""r"": ""27.62,1.15,-10.93""}"
15,Optimized ,True,362.5034,gaze_sample,"{""target"": ""room-small""}"
15,Optimized ,True,362.6148,gaze_sample,"{""target"": ""Sci-fi platform-fbx (4)""}"
15,Optimized ,True,362.6711,head_tracking,"{""input_type"": ""Controller"",""h"": ""27.80,1.32,-11.22"",""l"": ""27.33,1.18,-11.13"",""r"": ""27.62,1.15,-10.95""}"
15,Optimized ,True,362.7258,gaze_sample,"{""target"": ""Sci-fi platform-fbx (4)""}"
15,Optimized ,True,362.8372,gaze_sample,"{""target"": ""Sci-fi platform-fbx (4)""}"
15,Optimized ,True,362.8784,head_tracking,"{""input_type"": ""Controller"",""h"": ""27.80,1.32,-11.22"",""l"": ""27.34,1.16,-11.10"",""r"": ""27.59,1.17,-11.05""}"
15,Optimized ,True,362.9482,gaze_sample,"{""target"": ""Sci-fi platform-fbx (4)""}"
15,Optimized ,True,363.0591,gaze_sample,"{""target"": ""Sci-fi platform-fbx (4)""}"
15,Optimized ,True,363.0869,head_tracking,"{""input_type"": ""Controller"",""h"": ""27.80,1.32,-11.22"",""l"": ""27.34,1.16,-11.09"",""r"": ""27.59,1.17,-11.10""}"
15,Optimized ,True,363.1703,gaze_sample,"{""target"": ""Sci-fi platform-fbx (4)""}"
15,Optimized ,True,363.2823,gaze_sample,"{""target"": ""Sci-fi platform-fbx (4)""}"
15,Optimized ,True,363.2953,head_tracking,"{""input_type"": ""Controller"",""h"": ""27.80,1.32,-11.22"",""l"": ""27.34,1.15,-11.10"",""r"": ""27.59,1.14,-11.13""}"
15,Optimized ,True,363.3927,gaze_sample,"{""target"": ""Sci-fi platform-fbx (4)""}"
15,Optimized ,True,363.5038,head_tracking,"{""input_type"": ""Controller"",""h"": ""27.80,1.31,-11.22"",""l"": ""27.34,1.15,-11.10"",""r"": ""27.59,1.12,-11.13""}"
15,Optimized ,True,363.5038,gaze_sample,"{""target"": ""Sci-fi platform-fbx (4)""}"
15,Optimized ,True,363.615,gaze_sample,"{""target"": ""Sci-fi platform-fbx (4)""}"
15,Optimized ,True,363.7122,head_tracking,"{""input_type"": ""Controller"",""h"": ""27.80,1.32,-11.22"",""l"": ""27.34,1.15,-11.09"",""r"": ""27.59,1.13,-11.12""}"
15,Optimized ,True,363.7262,gaze_sample,"{""target"": ""Sci-fi platform-fbx (4)""}"
15,Optimized ,True,363.8375,gaze_sample,"{""target"": ""Sci-fi platform-fbx (4)""}"
15,Optimized ,True,363.9206,head_tracking,"{""input_type"": ""Controller"",""h"": ""27.81,1.32,-11.22"",""l"": ""27.35,1.16,-11.09"",""r"": ""27.59,1.13,-11.13""}"
15,Optimized ,True,363.9485,gaze_sample,"{""target"": ""Sci-fi platform-fbx (4)""}"
15,Optimized ,True,364.0598,gaze_sample,"{""target"": ""Sci-fi platform-fbx (4)""}"
15,Optimized ,True,364.1294,head_tracking,"{""input_type"": ""Controller"",""h"": ""27.81,1.32,-11.21"",""l"": ""27.35,1.16,-11.08"",""r"": ""27.60,1.15,-11.14""}"
15,Optimized ,True,364.1707,gaze_sample,"{""target"": ""Sci-fi platform-fbx (4)""}"
15,Optimized ,True,364.2819,gaze_sample,"{""target"": ""Sci-fi platform-fbx (4)""}"
15,Optimized ,True,364.3372,head_tracking,"{""input_type"": ""Controller"",""h"": ""27.81,1.32,-11.21"",""l"": ""27.35,1.16,-11.08"",""r"": ""27.60,1.14,-11.15""}"
15,Optimized ,True,364.3928,gaze_sample,"{""target"": ""Sci-fi platform-fbx (4)""}"
15,Optimized ,True,364.5037,gaze_sample,"{""target"": ""Sci-fi platform-fbx (4)""}"
15,Optimized ,True,364.5465,head_tracking,"{""input_type"": ""Controller"",""h"": ""27.81,1.32,-11.22"",""l"": ""27.35,1.16,-11.08"",""r"": ""27.60,1.15,-11.15""}"
15,Optimized ,True,364.6151,gaze_sample,"{""target"": ""Sci-fi platform-fbx (4)""}"
15,Optimized ,True,364.7263,gaze_sample,"{""target"": ""Sci-fi platform-fbx (4)""}"
15,Optimized ,True,364.7539,head_tracking,"{""input_type"": ""Controller"",""h"": ""27.81,1.32,-11.21"",""l"": ""27.35,1.16,-11.08"",""r"": ""27.60,1.15,-11.15""}"
15,Optimized ,True,364.8373,gaze_sample,"{""target"": ""Sci-fi platform-fbx (4)""}"
15,Optimized ,True,364.9485,gaze_sample,"{""target"": ""Sci-fi platform-fbx (4)""}"
15,Optimized ,True,364.9622,head_tracking,"{""input_type"": ""Controller"",""h"": ""27.81,1.32,-11.22"",""l"": ""27.35,1.16,-11.08"",""r"": ""27.60,1.16,-11.14""}"
15,Optimized ,True,365.0595,gaze_sample,"{""target"": ""Sci-fi platform-fbx (4)""}"
15,Optimized ,True,365.1706,head_tracking,"{""input_type"": ""Controller"",""h"": ""27.81,1.32,-11.21"",""l"": ""27.36,1.16,-11.08"",""r"": ""27.59,1.16,-11.13""}"
15,Optimized ,True,365.1706,gaze_sample,"{""target"": ""Sci-fi platform-fbx (4)""}"
15,Optimized ,True,365.2816,gaze_sample,"{""target"": ""Sci-fi platform-fbx (4)""}"
15,Optimized ,True,365.3791,head_tracking,"{""input_type"": ""Controller"",""h"": ""27.81,1.32,-11.21"",""l"": ""27.35,1.16,-11.08"",""r"": ""27.58,1.15,-11.12""}"
15,Optimized ,True,365.3929,gaze_sample,"{""target"": ""Sci-fi platform-fbx (4)""}"
15,Optimized ,True,365.5037,gaze_sample,"{""target"": ""Sci-fi platform-fbx (4)""}"
15,Optimized ,True,365.5872,head_tracking,"{""input_type"": ""Controller"",""h"": ""27.81,1.32,-11.21"",""l"": ""27.34,1.17,-11.09"",""r"": ""27.57,1.17,-11.11""}"
15,Optimized ,True,365.6151,gaze_sample,"{""target"": ""Sci-fi platform-fbx (4)""}"
15,Optimized ,True,365.726,gaze_sample,"{""target"": ""Sci-fi platform-fbx (4)""}"
15,Optimized ,True,365.7954,head_tracking,"{""input_type"": ""Controller"",""h"": ""27.80,1.32,-11.21"",""l"": ""27.34,1.17,-11.08"",""r"": ""27.59,1.16,-11.13""}"
15,Optimized ,True,365.8371,gaze_sample,"{""target"": ""Sci-fi platform-fbx (4)""}"
15,Optimized ,True,365.9484,gaze_sample,"{""target"": ""Sci-fi platform-fbx (4)""}"
15,Optimized ,True,366.0034,head_tracking,"{""input_type"": ""Controller"",""h"": ""27.80,1.32,-11.21"",""l"": ""27.35,1.16,-11.08"",""r"": ""27.59,1.16,-11.11""}"
15,Optimized ,True,366.0592,gaze_sample,"{""target"": ""Sci-fi platform-fbx (4)""}"
15,Optimized ,True,366.1702,gaze_sample,"{""target"": ""Sci-fi platform-fbx (4)""}"
15,Optimized ,True,366.2117,head_tracking,"{""input_type"": ""Controller"",""h"": ""27.79,1.31,-11.21"",""l"": ""27.34,1.16,-11.08"",""r"": ""27.59,1.14,-11.10""}"
15,Optimized ,True,366.2814,gaze_sample,"{""target"": ""Sci-fi platform-fbx (4)""}"
15,Optimized ,True,366.3924,gaze_sample,"{""target"": ""Sci-fi platform-fbx (4)""}"
15,Optimized ,True,366.4202,head_tracking,"{""input_type"": ""Controller"",""h"": ""27.79,1.31,-11.21"",""l"": ""27.35,1.16,-11.08"",""r"": ""27.59,1.15,-11.10""}"
15,Optimized ,True,366.5036,gaze_sample,"{""target"": ""Sci-fi platform-fbx (4)""}"
15,Optimized ,True,366.6159,gaze_sample,"{""target"": ""Sci-fi platform-fbx (4)""}"
15,Optimized ,True,366.6284,head_tracking,"{""input_type"": ""Controller"",""h"": ""27.79,1.31,-11.22"",""l"": ""27.35,1.16,-11.07"",""r"": ""27.62,1.14,-11.12""}"
15,Optimized ,True,366.7256,gaze_sample,"{""target"": ""Sci-fi platform-fbx (4)""}"
15,Optimized ,True,366.8371,head_tracking,"{""input_type"": ""Controller"",""h"": ""27.79,1.31,-11.22"",""l"": ""27.35,1.16,-11.08"",""r"": ""27.61,1.15,-11.12""}"
15,Optimized ,True,366.8371,gaze_sample,"{""target"": ""Sci-fi platform-fbx (4)""}"
15,Optimized ,True,366.9482,gaze_sample,"{""target"": ""Sci-fi platform-fbx (4)""}"
15,Optimized ,True,367.0452,head_tracking,"{""input_type"": ""Controller"",""h"": ""27.79,1.31,-11.23"",""l"": ""27.35,1.17,-11.08"",""r"": ""27.61,1.14,-11.12""}"
15,Optimized ,True,367.059,gaze_sample,"{""target"": ""Sci-fi platform-fbx (4)""}"
15,Optimized ,True,367.1703,gaze_sample,"{""target"": ""Sci-fi platform-fbx (4)""}"
15,Optimized ,True,367.2535,head_tracking,"{""input_type"": ""Controller"",""h"": ""27.79,1.31,-11.23"",""l"": ""27.35,1.17,-11.08"",""r"": ""27.62,1.15,-11.13""}"
15,Optimized ,True,367.2812,gaze_sample,"{""target"": ""Sci-fi platform-fbx (4)""}"
15,Optimized ,True,367.3925,gaze_sample,"{""target"": ""Sci-fi platform-fbx (4)""}"
15,Optimized ,True,367.4619,head_tracking,"{""input_type"": ""Controller"",""h"": ""27.79,1.30,-11.23"",""l"": ""27.36,1.17,-11.09"",""r"": ""27.61,1.16,-11.11""}"
15,Optimized ,True,367.5037,gaze_sample,"{""target"": ""Sci-fi platform-fbx (4)""}"
15,Optimized ,True,367.6147,gaze_sample,"{""target"": ""Sci-fi platform-fbx (4)""}"
15,Optimized ,True,367.6703,head_tracking,"{""input_type"": ""Controller"",""h"": ""27.78,1.30,-11.23"",""l"": ""27.36,1.17,-11.08"",""r"": ""27.62,1.15,-11.12""}"
15,Optimized ,True,367.726,gaze_sample,"{""target"": ""Sci-fi platform-fbx (4)""}"
15,Optimized ,True,367.8374,gaze_sample,"{""target"": ""Sci-fi platform-fbx (4)""}"
15,Optimized ,True,367.8787,head_tracking,"{""input_type"": ""Controller"",""h"": ""27.79,1.30,-11.22"",""l"": ""27.36,1.17,-11.07"",""r"": ""27.62,1.14,-11.13""}"
15,Optimized ,True,367.9483,gaze_sample,"{""target"": ""Sci-fi platform-fbx (4)""}"
15,Optimized ,True,368.0595,gaze_sample,"{""target"": ""Sci-fi platform-fbx (4)""}"
15,Optimized ,True,368.0872,head_tracking,"{""input_type"": ""Controller"",""h"": ""27.79,1.30,-11.22"",""l"": ""27.36,1.17,-11.07"",""r"": ""27.62,1.14,-11.12""}"
15,Optimized ,True,368.1706,gaze_sample,"{""target"": ""Sci-fi platform-fbx (4)""}"
15,Optimized ,True,368.2818,gaze_sample,"{""target"": ""Sci-fi platform-fbx (4)""}"
15,Optimized ,True,368.2966,head_tracking,"{""input_type"": ""Controller"",""h"": ""27.79,1.31,-11.22"",""l"": ""27.37,1.16,-11.07"",""r"": ""27.62,1.14,-11.11""}"
15,Optimized ,True,368.3936,gaze_sample,"{""target"": ""Sci-fi platform-fbx (4)""}"
15,Optimized ,True,368.5037,head_tracking,"{""input_type"": ""Controller"",""h"": ""27.79,1.31,-11.21"",""l"": ""27.37,1.16,-11.06"",""r"": ""27.62,1.14,-11.10""}"
15,Optimized ,True,368.5037,gaze_sample,"{""target"": ""Sci-fi platform-fbx (4)""}"
15,Optimized ,True,368.615,gaze_sample,"{""target"": ""Sci-fi platform-fbx (4)""}"
15,Optimized ,True,368.7124,head_tracking,"{""input_type"": ""Controller"",""h"": ""27.79,1.31,-11.21"",""l"": ""27.37,1.16,-11.06"",""r"": ""27.61,1.14,-11.09""}"
15,Optimized ,True,368.7266,gaze_sample,"{""target"": ""Sci-fi platform-fbx (4)""}"
15,Optimized ,True,368.8372,gaze_sample,"{""target"": ""Sci-fi platform-fbx (4)""}"
15,Optimized ,True,368.9206,head_tracking,"{""input_type"": ""Controller"",""h"": ""27.79,1.31,-11.21"",""l"": ""27.37,1.16,-11.06"",""r"": ""27.61,1.13,-11.11""}"
15,Optimized ,True,368.9486,gaze_sample,"{""target"": ""Sci-fi platform-fbx (4)""}"
15,Optimized ,True,369.0596,gaze_sample,"{""target"": ""Sci-fi platform-fbx (4)""}"
15,Optimized ,True,369.129,head_tracking,"{""input_type"": ""Controller"",""h"": ""27.80,1.31,-11.20"",""l"": ""27.37,1.17,-11.06"",""r"": ""27.61,1.13,-11.11""}"
15,Optimized ,True,369.1706,gaze_sample,"{""target"": ""Sci-fi platform-fbx (4)""}"
15,Optimized ,True,369.2817,gaze_sample,"{""target"": ""Sci-fi platform-fbx (4)""}"
15,Optimized ,True,369.3373,head_tracking,"{""input_type"": ""Controller"",""h"": ""27.80,1.31,-11.20"",""l"": ""27.37,1.16,-11.06"",""r"": ""27.61,1.13,-11.11""}"
15,Optimized ,True,369.3928,gaze_sample,"{""target"": ""Sci-fi platform-fbx (4)""}"
15,Optimized ,True,369.504,gaze_sample,"{""target"": ""room-small""}"
15,Optimized ,True,369.5455,head_tracking,"{""input_type"": ""Controller"",""h"": ""27.80,1.31,-11.20"",""l"": ""27.37,1.16,-11.05"",""r"": ""27.61,1.13,-11.11""}"
15,Optimized ,True,369.615,gaze_sample,"{""target"": ""room-small""}"
15,Optimized ,True,369.7262,gaze_sample,"{""target"": ""room-small""}"
15,Optimized ,True,369.7544,head_tracking,"{""input_type"": ""Controller"",""h"": ""27.80,1.31,-11.20"",""l"": ""27.37,1.16,-11.06"",""r"": ""27.60,1.13,-11.10""}"
15,Optimized ,True,369.8373,gaze_sample,"{""target"": ""room-small""}"
15,Optimized ,True,369.9485,gaze_sample,"{""target"": ""room-small""}"
15,Optimized ,True,369.9622,head_tracking,"{""input_type"": ""Controller"",""h"": ""27.81,1.31,-11.19"",""l"": ""27.37,1.16,-11.05"",""r"": ""27.60,1.13,-11.10""}"
15,Optimized ,True,370.0606,gaze_sample,"{""target"": ""room-small""}"
15,Optimized ,True,370.1706,head_tracking,"{""input_type"": ""Controller"",""h"": ""27.81,1.31,-11.19"",""l"": ""27.38,1.16,-11.05"",""r"": ""27.60,1.13,-11.10""}"
15,Optimized ,True,370.1706,gaze_sample,"{""target"": ""room-small""}"
15,Optimized ,True,370.2818,gaze_sample,"{""target"": ""room-small""}"
15,Optimized ,True,370.3788,head_tracking,"{""input_type"": ""Controller"",""h"": ""27.81,1.31,-11.19"",""l"": ""27.37,1.16,-11.05"",""r"": ""27.60,1.13,-11.10""}"
15,Optimized ,True,370.3927,gaze_sample,"{""target"": ""room-small""}"
15,Optimized ,True,370.504,gaze_sample,"{""target"": ""room-small""}"
15,Optimized ,True,370.5871,head_tracking,"{""input_type"": ""Controller"",""h"": ""27.81,1.31,-11.19"",""l"": ""27.37,1.16,-11.05"",""r"": ""27.60,1.13,-11.09""}"
15,Optimized ,True,370.615,gaze_sample,"{""target"": ""room-small""}"
15,Optimized ,True,370.7261,gaze_sample,"{""target"": ""room-small""}"
15,Optimized ,True,370.7957,head_tracking,"{""input_type"": ""Controller"",""h"": ""27.81,1.31,-11.19"",""l"": ""27.38,1.16,-11.05"",""r"": ""27.60,1.13,-11.09""}"
15,Optimized ,True,370.8372,gaze_sample,"{""target"": ""room-small""}"
15,Optimized ,True,370.9483,gaze_sample,"{""target"": ""room-small""}"
15,Optimized ,True,371.0039,head_tracking,"{""input_type"": ""Controller"",""h"": ""27.81,1.31,-11.19"",""l"": ""27.38,1.16,-11.05"",""r"": ""27.60,1.13,-11.09""}"
15,Optimized ,True,371.0594,gaze_sample,"{""target"": ""room-small""}"
15,Optimized ,True,371.1704,gaze_sample,"{""target"": ""room-small""}"
15,Optimized ,True,371.212,head_tracking,"{""input_type"": ""Controller"",""h"": ""27.81,1.31,-11.19"",""l"": ""27.38,1.16,-11.05"",""r"": ""27.60,1.13,-11.09""}"
15,Optimized ,True,371.2816,gaze_sample,"{""target"": ""room-small""}"
15,Optimized ,True,371.3927,gaze_sample,"{""target"": ""room-small""}"
15,Optimized ,True,371.4206,head_tracking,"{""input_type"": ""Controller"",""h"": ""27.81,1.31,-11.19"",""l"": ""27.41,1.10,-11.04"",""r"": ""27.60,1.13,-11.08""}"
15,Optimized ,True,371.5038,gaze_sample,"{""target"": ""room-small""}"
15,Optimized ,True,371.6149,gaze_sample,"{""target"": ""room-small""}"
15,Optimized ,True,371.629,head_tracking,"{""input_type"": ""Controller"",""h"": ""27.81,1.31,-11.19"",""l"": ""27.43,1.02,-11.04"",""r"": ""27.61,1.13,-11.07""}"
15,Optimized ,True,371.7266,gaze_sample,"{""target"": ""room-small""}"
15,Optimized ,True,371.8371,head_tracking,"{""input_type"": ""Controller"",""h"": ""27.81,1.31,-11.19"",""l"": ""27.46,1.04,-11.00"",""r"": ""27.60,1.14,-11.07""}"
15,Optimized ,True,371.8371,gaze_sample,"{""target"": ""room-small""}"
15,Optimized ,True,371.948,gaze_sample,"{""target"": ""room-small""}"
15,Optimized ,True,372.0449,head_tracking,"{""input_type"": ""Controller"",""h"": ""27.81,1.31,-11.19"",""l"": ""27.48,1.04,-10.98"",""r"": ""27.61,1.14,-11.06""}"
15,Optimized ,True,372.0588,gaze_sample,"{""target"": ""room-small""}"
15,Optimized ,True,372.1699,gaze_sample,"{""target"": ""room-small""}"
15,Optimized ,True,372.2531,head_tracking,"{""input_type"": ""Controller"",""h"": ""27.81,1.31,-11.19"",""l"": ""27.41,1.14,-11.00"",""r"": ""27.62,1.15,-11.06""}"
15,Optimized ,True,372.281,gaze_sample,"{""target"": ""room-small""}"
15,Optimized ,True,372.3921,gaze_sample,"{""target"": ""room-small""}"
15,Optimized ,True,372.4616,head_tracking,"{""input_type"": ""Controller"",""h"": ""27.82,1.32,-11.18"",""l"": ""27.34,1.12,-11.01"",""r"": ""27.61,1.16,-11.04""}"
15,Optimized ,True,372.5031,gaze_sample,"{""target"": ""room-small""}"
15,Optimized ,True,372.6139,gaze_sample,"{""target"": ""room-small""}"
15,Optimized ,True,372.6696,head_tracking,"{""input_type"": ""Controller"",""h"": ""27.81,1.31,-11.18"",""l"": ""27.31,1.09,-11.09"",""r"": ""27.60,1.15,-11.03""}"
15,Optimized ,True,372.7252,gaze_sample,"{""target"": ""room-small""}"
15,Optimized ,True,372.8363,gaze_sample,"{""target"": ""room-small""}"
15,Optimized ,True,372.8778,head_tracking,"{""input_type"": ""Controller"",""h"": ""27.81,1.31,-11.18"",""l"": ""27.27,1.07,-11.19"",""r"": ""27.60,1.15,-11.04""}"
15,Optimized ,True,372.9476,gaze_sample,"{""target"": ""room-small""}"
15,Optimized ,True,373.0587,gaze_sample,"{""target"": ""room-small""}"
15,Optimized ,True,373.0861,head_tracking,"{""input_type"": ""Controller"",""h"": ""27.81,1.31,-11.19"",""l"": ""27.28,1.06,-11.17"",""r"": ""27.60,1.15,-11.05""}"
15,Optimized ,True,373.1696,gaze_sample,"{""target"": ""room-small""}"
15,Optimized ,True,373.2808,gaze_sample,"{""target"": ""room-small""}"
15,Optimized ,True,373.2945,head_tracking,"{""input_type"": ""Controller"",""h"": ""27.81,1.31,-11.19"",""l"": ""27.29,1.06,-11.13"",""r"": ""27.60,1.15,-11.05""}"
15,Optimized ,True,373.3918,gaze_sample,"{""target"": ""room-small""}"
15,Optimized ,True,373.5028,head_tracking,"{""input_type"": ""Controller"",""h"": ""27.81,1.31,-11.18"",""l"": ""27.29,1.04,-11.13"",""r"": ""27.60,1.15,-11.04""}"
15,Optimized ,True,373.5028,gaze_sample,"{""target"": ""room-small""}"
15,Optimized ,True,373.614,gaze_sample,"{""target"": ""room-small""}"
15,Optimized ,True,373.7113,head_tracking,"{""input_type"": ""Controller"",""h"": ""27.81,1.31,-11.19"",""l"": ""27.32,1.06,-11.07"",""r"": ""27.59,1.13,-11.08""}"
15,Optimized ,True,373.7263,gaze_sample,"{""target"": ""room-small""}"
15,Optimized ,True,373.8363,gaze_sample,"{""target"": ""room-small""}"
15,Optimized ,True,373.9195,head_tracking,"{""input_type"": ""Controller"",""h"": ""27.81,1.31,-11.19"",""l"": ""27.35,1.08,-11.03"",""r"": ""27.58,1.11,-11.12""}"
15,Optimized ,True,373.9473,gaze_sample,"{""target"": ""room-small""}"
15,Optimized ,True,374.0584,gaze_sample,"{""target"": ""room-small""}"
15,Optimized ,True,374.1279,head_tracking,"{""input_type"": ""Controller"",""h"": ""27.80,1.31,-11.19"",""l"": ""27.36,1.09,-11.02"",""r"": ""27.58,1.11,-11.13""}"
15,Optimized ,True,374.1697,gaze_sample,"{""target"": ""room-small""}"
15,Optimized ,True,374.2819,gaze_sample,"{""target"": ""room-small""}"
15,Optimized ,True,374.3363,head_tracking,"{""input_type"": ""Controller"",""h"": ""27.81,1.30,-11.19"",""l"": ""27.36,1.11,-11.04"",""r"": ""27.59,1.11,-11.12""}"
15,Optimized ,True,374.3918,gaze_sample,"{""target"": ""room-small""}"
15,Optimized ,True,374.503,gaze_sample,"{""target"": ""room-small""}"
15,Optimized ,True,374.5445,head_tracking,"{""input_type"": ""Controller"",""h"": ""27.81,1.31,-11.19"",""l"": ""27.38,1.13,-11.05"",""r"": ""27.59,1.14,-11.05""}"
15,Optimized ,True,374.6139,gaze_sample,"{""target"": ""room-small""}"
15,Optimized ,True,374.725,gaze_sample,"{""target"": ""room-small""}"
15,Optimized ,True,374.7528,head_tracking,"{""input_type"": ""Controller"",""h"": ""27.81,1.31,-11.20"",""l"": ""27.39,1.15,-11.04"",""r"": ""27.60,1.16,-10.99""}"
15,Optimized ,True,374.836,gaze_sample,"{""target"": ""room-small""}"
15,Optimized ,True,374.9471,gaze_sample,"{""target"": ""room-small""}"
15,Optimized ,True,374.9611,head_tracking,"{""input_type"": ""Controller"",""h"": ""27.81,1.31,-11.19"",""l"": ""27.40,1.15,-11.04"",""r"": ""27.60,1.16,-10.97""}"
15,Optimized ,True,375.0584,gaze_sample,"{""target"": ""room-small""}"
15,Optimized ,True,375.1694,head_tracking,"{""input_type"": ""Controller"",""h"": ""27.81,1.31,-11.20"",""l"": ""27.42,1.18,-11.05"",""r"": ""27.59,1.15,-10.96""}"
15,Optimized ,True,375.1694,gaze_sample,"{""target"": ""room-small""}"
15,Optimized ,True,375.2807,gaze_sample,"{""target"": ""room-small""}"
15,Optimized ,True,375.3778,head_tracking,"{""input_type"": ""Controller"",""h"": ""27.82,1.31,-11.20"",""l"": ""27.42,1.18,-11.05"",""r"": ""27.60,1.15,-10.96""}"
15,Optimized ,True,375.3919,gaze_sample,"{""target"": ""room-small""}"
15,Optimized ,True,375.5027,gaze_sample,"{""target"": ""room-small""}"
15,Optimized ,True,375.5862,head_tracking,"{""input_type"": ""Controller"",""h"": ""27.81,1.31,-11.20"",""l"": ""27.43,1.20,-11.04"",""r"": ""27.60,1.16,-10.97""}"
15,Optimized ,True,375.6138,gaze_sample,"{""target"": ""room-small""}"
15,Optimized ,True,375.7249,gaze_sample,"{""target"": ""room-small""}"
15,Optimized ,True,375.795,head_tracking,"{""input_type"": ""Controller"",""h"": ""27.81,1.31,-11.20"",""l"": ""27.43,1.20,-11.03"",""r"": ""27.60,1.15,-10.96""}"
15,Optimized ,True,375.8361,gaze_sample,"{""target"": ""room-small""}"
15,Optimized ,True,375.9473,gaze_sample,"{""target"": ""room-small""}"
15,Optimized ,True,376.0026,head_tracking,"{""input_type"": ""Controller"",""h"": ""27.82,1.31,-11.20"",""l"": ""27.43,1.20,-11.03"",""r"": ""27.60,1.15,-10.96""}"
15,Optimized ,True,376.0583,gaze_sample,"{""target"": ""room-small""}"
15,Optimized ,True,376.1693,gaze_sample,"{""target"": ""room-small""}"
15,Optimized ,True,376.2111,head_tracking,"{""input_type"": ""Controller"",""h"": ""27.82,1.31,-11.20"",""l"": ""27.43,1.20,-11.03"",""r"": ""27.60,1.15,-10.97""}"
15,Optimized ,True,376.2806,gaze_sample,"{""target"": ""room-small""}"
15,Optimized ,True,376.3917,gaze_sample,"{""target"": ""room-small""}"
15,Optimized ,True,376.4196,head_tracking,"{""input_type"": ""Controller"",""h"": ""27.82,1.31,-11.20"",""l"": ""27.43,1.20,-11.03"",""r"": ""27.60,1.15,-10.97""}"
15,Optimized ,True,376.5027,gaze_sample,"{""target"": ""room-small""}"
15,Optimized ,True,376.6139,gaze_sample,"{""target"": ""room-small""}"
15,Optimized ,True,376.6277,head_tracking,"{""input_type"": ""Controller"",""h"": ""27.82,1.31,-11.20"",""l"": ""27.42,1.20,-11.04"",""r"": ""27.60,1.15,-10.96""}"
15,Optimized ,True,376.7252,gaze_sample,"{""target"": ""room-small""}"
15,Optimized ,True,376.8365,head_tracking,"{""input_type"": ""Controller"",""h"": ""27.82,1.31,-11.20"",""l"": ""27.42,1.20,-11.03"",""r"": ""27.60,1.15,-10.97""}"
15,Optimized ,True,376.8365,gaze_sample,"{""target"": ""room-small""}"
15,Optimized ,True,376.9472,gaze_sample,"{""target"": ""room-small""}"
15,Optimized ,True,377.0446,head_tracking,"{""input_type"": ""Controller"",""h"": ""27.82,1.31,-11.20"",""l"": ""27.42,1.19,-11.03"",""r"": ""27.60,1.16,-10.96""}"
15,Optimized ,True,377.0585,gaze_sample,"{""target"": ""room-small""}"
15,Optimized ,True,377.1699,gaze_sample,"{""target"": ""room-small""}"
15,Optimized ,True,377.2528,head_tracking,"{""input_type"": ""Controller"",""h"": ""27.82,1.31,-11.20"",""l"": ""27.42,1.20,-11.04"",""r"": ""27.60,1.16,-10.96""}"
15,Optimized ,True,377.2805,gaze_sample,"{""target"": ""room-small""}"
15,Optimized ,True,377.3917,gaze_sample,"{""target"": ""room-small""}"
15,Optimized ,True,377.4615,head_tracking,"{""input_type"": ""Controller"",""h"": ""27.82,1.31,-11.20"",""l"": ""27.42,1.20,-11.03"",""r"": ""27.60,1.15,-10.97""}"
15,Optimized ,True,377.5031,gaze_sample,"{""target"": ""room-small""}"
15,Optimized ,True,377.6142,gaze_sample,"{""target"": ""room-small""}"
15,Optimized ,True,377.6698,head_tracking,"{""input_type"": ""Controller"",""h"": ""27.82,1.31,-11.19"",""l"": ""27.42,1.20,-11.03"",""r"": ""27.60,1.15,-10.96""}"
15,Optimized ,True,377.7255,gaze_sample,"{""target"": ""room-small""}"
15,Optimized ,True,377.8374,gaze_sample,"{""target"": ""room-small""}"
15,Optimized ,True,377.8782,head_tracking,"{""input_type"": ""Controller"",""h"": ""27.82,1.31,-11.19"",""l"": ""27.42,1.19,-11.03"",""r"": ""27.60,1.15,-10.96""}"
15,Optimized ,True,377.9477,gaze_sample,"{""target"": ""room-small""}"
15,Optimized ,True,378.0588,gaze_sample,"{""target"": ""room-small""}"
15,Optimized ,True,378.0867,head_tracking,"{""input_type"": ""Controller"",""h"": ""27.82,1.31,-11.18"",""l"": ""27.42,1.19,-11.02"",""r"": ""27.61,1.16,-10.96""}"
15,Optimized ,True,378.17,gaze_sample,"{""target"": ""room-small""}"
15,Optimized ,True,378.2819,gaze_sample,"{""target"": ""room-small""}"
15,Optimized ,True,378.295,head_tracking,"{""input_type"": ""Controller"",""h"": ""27.83,1.31,-11.18"",""l"": ""27.42,1.20,-11.03"",""r"": ""27.61,1.16,-10.97""}"
15,Optimized ,True,378.3918,gaze_sample,"{""target"": ""room-small""}"
15,Optimized ,True,378.5035,head_tracking,"{""input_type"": ""Controller"",""h"": ""27.83,1.32,-11.18"",""l"": ""27.42,1.20,-11.03"",""r"": ""27.61,1.16,-10.96""}"
15,Optimized ,True,378.5035,gaze_sample,"{""target"": ""room-small""}"
15,Optimized ,True,378.6144,gaze_sample,"{""target"": ""room-small""}"
15,Optimized ,True,378.7115,head_tracking,"{""input_type"": ""Controller"",""h"": ""27.83,1.32,-11.19"",""l"": ""27.43,1.20,-11.03"",""r"": ""27.61,1.16,-10.96""}"
15,Optimized ,True,378.7257,gaze_sample,"{""target"": ""room-small""}"
15,Optimized ,True,378.8367,gaze_sample,"{""target"": ""room-small""}"
15,Optimized ,True,378.92,head_tracking,"{""input_type"": ""Controller"",""h"": ""27.84,1.32,-11.19"",""l"": ""27.42,1.20,-11.03"",""r"": ""27.62,1.17,-10.98""}"
15,Optimized ,True,378.9476,gaze_sample,"{""target"": ""room-small""}"
15,Optimized ,True,379.0589,gaze_sample,"{""target"": ""room-small""}"
15,Optimized ,True,379.1281,head_tracking,"{""input_type"": ""Controller"",""h"": ""27.83,1.31,-11.19"",""l"": ""27.42,1.20,-11.03"",""r"": ""27.62,1.17,-11.01""}"
15,Optimized ,True,379.1699,gaze_sample,"{""target"": ""room-small""}"
15,Optimized ,True,379.281,gaze_sample,"{""target"": ""room-small""}"
15,Optimized ,True,379.3365,head_tracking,"{""input_type"": ""Controller"",""h"": ""27.83,1.31,-11.19"",""l"": ""27.42,1.20,-11.03"",""r"": ""27.62,1.17,-11.00""}"
15,Optimized ,True,379.3922,gaze_sample,"{""target"": ""room-small""}"
15,Optimized ,True,379.5033,gaze_sample,"{""target"": ""room-small""}"
15,Optimized ,True,379.5458,head_tracking,"{""input_type"": ""Controller"",""h"": ""27.83,1.31,-11.19"",""l"": ""27.42,1.20,-11.03"",""r"": ""27.62,1.16,-10.99""}"
15,Optimized ,True,379.6143,gaze_sample,"{""target"": ""room-small""}"
15,Optimized ,True,379.7255,gaze_sample,"{""target"": ""room-small""}"
15,Optimized ,True,379.7531,head_tracking,"{""input_type"": ""Controller"",""h"": ""27.83,1.31,-11.19"",""l"": ""27.42,1.20,-11.03"",""r"": ""27.62,1.16,-10.99""}"
15,Optimized ,True,379.8366,gaze_sample,"{""target"": ""room-small""}"
15,Optimized ,True,379.9476,gaze_sample,"{""target"": ""room-small""}"
15,Optimized ,True,379.9615,head_tracking,"{""input_type"": ""Controller"",""h"": ""27.83,1.31,-11.19"",""l"": ""27.42,1.20,-11.03"",""r"": ""27.61,1.16,-10.98""}"
15,Optimized ,True,380.0585,gaze_sample,"{""target"": ""room-small""}"
15,Optimized ,True,380.1697,head_tracking,"{""input_type"": ""Controller"",""h"": ""27.83,1.31,-11.19"",""l"": ""27.42,1.20,-11.03"",""r"": ""27.61,1.16,-10.98""}"
15,Optimized ,True,380.1697,gaze_sample,"{""target"": ""room-small""}"
15,Optimized ,True,380.2807,gaze_sample,"{""target"": ""room-small""}"
15,Optimized ,True,380.3778,head_tracking,"{""input_type"": ""Controller"",""h"": ""27.83,1.31,-11.19"",""l"": ""27.42,1.20,-11.03"",""r"": ""27.61,1.16,-10.98""}"
15,Optimized ,True,380.3919,gaze_sample,"{""target"": ""room-small""}"
15,Optimized ,True,380.5032,gaze_sample,"{""target"": ""room-small""}"
15,Optimized ,True,380.5864,head_tracking,"{""input_type"": ""Controller"",""h"": ""27.83,1.31,-11.19"",""l"": ""27.42,1.20,-11.04"",""r"": ""27.61,1.16,-10.98""}"
15,Optimized ,True,380.6143,gaze_sample,"{""target"": ""room-small""}"
15,Optimized ,True,380.7253,gaze_sample,"{""target"": ""room-small""}"
15,Optimized ,True,380.7946,head_tracking,"{""input_type"": ""Controller"",""h"": ""27.83,1.31,-11.19"",""l"": ""27.42,1.20,-11.04"",""r"": ""27.61,1.16,-10.98""}"
15,Optimized ,True,380.8363,gaze_sample,"{""target"": ""room-small""}"
15,Optimized ,True,380.9472,gaze_sample,"{""target"": ""room-small""}"
15,Optimized ,True,381.003,head_tracking,"{""input_type"": ""Controller"",""h"": ""27.83,1.31,-11.19"",""l"": ""27.42,1.20,-11.04"",""r"": ""27.60,1.15,-10.97""}"
15,Optimized ,True,381.0588,gaze_sample,"{""target"": ""room-small""}"
15,Optimized ,True,381.1696,gaze_sample,"{""target"": ""room-small""}"
15,Optimized ,True,381.2112,head_tracking,"{""input_type"": ""Controller"",""h"": ""27.82,1.31,-11.19"",""l"": ""27.42,1.19,-11.04"",""r"": ""27.60,1.15,-10.97""}"
15,Optimized ,True,381.2808,gaze_sample,"{""target"": ""room-small""}"
15,Optimized ,True,381.3918,gaze_sample,"{""target"": ""room-small""}"
15,Optimized ,True,381.4197,head_tracking,"{""input_type"": ""Controller"",""h"": ""27.82,1.31,-11.19"",""l"": ""27.42,1.19,-11.04"",""r"": ""27.60,1.15,-10.97""}"
15,Optimized ,True,381.503,gaze_sample,"{""target"": ""room-small""}"
15,Optimized ,True,381.6143,gaze_sample,"{""target"": ""room-small""}"
15,Optimized ,True,381.6281,head_tracking,"{""input_type"": ""Controller"",""h"": ""27.82,1.31,-11.19"",""l"": ""27.41,1.19,-11.05"",""r"": ""27.60,1.15,-10.97""}"
15,Optimized ,True,381.7254,gaze_sample,"{""target"": ""room-small""}"
15,Optimized ,True,381.8364,head_tracking,"{""input_type"": ""Controller"",""h"": ""27.82,1.31,-11.19"",""l"": ""27.40,1.19,-11.07"",""r"": ""27.60,1.15,-10.97""}"
15,Optimized ,True,381.8364,gaze_sample,"{""target"": ""room-small""}"
15,Optimized ,True,381.9475,gaze_sample,"{""target"": ""room-small""}"
15,Optimized ,True,382.0445,head_tracking,"{""input_type"": ""Controller"",""h"": ""27.82,1.31,-11.20"",""l"": ""27.40,1.18,-11.07"",""r"": ""27.59,1.15,-10.97""}"
15,Optimized ,True,382.0584,gaze_sample,"{""target"": ""room-small""}"
15,Optimized ,True,382.1697,gaze_sample,"{""target"": ""room-small""}"
15,Optimized ,True,382.253,head_tracking,"{""input_type"": ""Controller"",""h"": ""27.82,1.31,-11.20"",""l"": ""27.39,1.17,-11.06"",""r"": ""27.59,1.15,-10.97""}"
15,Optimized ,True,382.2809,gaze_sample,"{""target"": ""room-small""}"
15,Optimized ,True,382.392,gaze_sample,"{""target"": ""room-small""}"
15,Optimized ,True,382.4615,head_tracking,"{""input_type"": ""Controller"",""h"": ""27.81,1.31,-11.20"",""l"": ""27.36,1.15,-11.07"",""r"": ""27.59,1.15,-10.97""}"
15,Optimized ,True,382.5032,gaze_sample,"{""target"": ""Sci-fi platform-fbx (4)""}"
15,Optimized ,True,382.6141,gaze_sample,"{""target"": ""Sci-fi platform-fbx (4)""}"
15,Optimized ,True,382.6699,head_tracking,"{""input_type"": ""Controller"",""h"": ""27.81,1.31,-11.20"",""l"": ""27.32,1.14,-11.13"",""r"": ""27.59,1.15,-10.97""}"
15,Optimized ,True,382.7252,gaze_sample,"{""target"": ""Sci-fi platform-fbx (4)""}"
15,Optimized ,True,382.8364,gaze_sample,"{""target"": ""Sci-fi platform-fbx (4)""}"
15,Optimized ,True,382.8777,head_tracking,"{""input_type"": ""Controller"",""h"": ""27.81,1.31,-11.21"",""l"": ""27.33,1.13,-11.25"",""r"": ""27.59,1.14,-10.96""}"
15,Optimized ,True,382.9475,gaze_sample,"{""target"": ""Sci-fi platform-fbx (4)""}"
15,Optimized ,True,383.0588,gaze_sample,"{""target"": ""Sci-fi platform-fbx (4)""}"
15,Optimized ,True,383.0865,head_tracking,"{""input_type"": ""Controller"",""h"": ""27.81,1.31,-11.21"",""l"": ""27.34,1.12,-11.29"",""r"": ""27.59,1.14,-10.96""}"
15,Optimized ,True,383.142,interaction,"{""item"": ""P_R_H Battery"", ""action"": ""grab""}"
15,Optimized ,True,383.1697,gaze_sample,"{""target"": ""Sci-fi platform-fbx (4)""}"
15,Optimized ,True,383.2808,gaze_sample,"{""target"": ""Sci-fi platform-fbx (4)""}"
15,Optimized ,True,383.2948,head_tracking,"{""input_type"": ""Controller"",""h"": ""27.81,1.31,-11.22"",""l"": ""27.33,1.09,-11.29"",""r"": ""27.59,1.14,-10.97""}"
15,Optimized ,True,383.392,gaze_sample,"{""target"": ""Sci-fi platform-fbx (4)""}"
15,Optimized ,True,383.5031,head_tracking,"{""input_type"": ""Controller"",""h"": ""27.81,1.31,-11.22"",""l"": ""27.33,1.09,-11.29"",""r"": ""27.59,1.14,-10.97""}"
15,Optimized ,True,383.5031,gaze_sample,"{""target"": ""Sci-fi platform-fbx (4)""}"
15,Optimized ,True,383.6142,gaze_sample,"{""target"": ""Sci-fi platform-fbx (4)""}"
15,Optimized ,True,383.7113,head_tracking,"{""input_type"": ""Controller"",""h"": ""27.81,1.31,-11.22"",""l"": ""27.34,1.09,-11.29"",""r"": ""27.59,1.14,-10.97""}"
15,Optimized ,True,383.7256,gaze_sample,"{""target"": ""Sci-fi platform-fbx (4)""}"
15,Optimized ,True,383.8363,gaze_sample,"{""target"": ""Sci-fi platform-fbx (4)""}"
15,Optimized ,True,383.9199,head_tracking,"{""input_type"": ""Controller"",""h"": ""27.81,1.31,-11.22"",""l"": ""27.33,1.06,-11.29"",""r"": ""27.59,1.14,-10.97""}"
15,Optimized ,True,383.9477,gaze_sample,"{""target"": ""Sci-fi platform-fbx (4)""}"
15,Optimized ,True,384.0587,gaze_sample,"{""target"": ""Sci-fi platform-fbx (4)""}"
15,Optimized ,True,384.1284,head_tracking,"{""input_type"": ""Controller"",""h"": ""27.81,1.31,-11.22"",""l"": ""27.32,1.03,-11.28"",""r"": ""27.59,1.14,-10.97""}"
15,Optimized ,True,384.1697,gaze_sample,"{""target"": ""Sci-fi platform-fbx (4)""}"
15,Optimized ,True,384.2806,gaze_sample,"{""target"": ""Sci-fi platform-fbx (4)""}"
15,Optimized ,True,384.3361,head_tracking,"{""input_type"": ""Controller"",""h"": ""27.81,1.30,-11.23"",""l"": ""27.31,1.04,-11.25"",""r"": ""27.59,1.14,-10.97""}"
15,Optimized ,True,384.3917,gaze_sample,"{""target"": ""Sci-fi platform-fbx (4)""}"
15,Optimized ,True,384.503,gaze_sample,"{""target"": ""Sci-fi platform-fbx (4)""}"
15,Optimized ,True,384.5445,head_tracking,"{""input_type"": ""Controller"",""h"": ""27.81,1.30,-11.22"",""l"": ""27.30,1.03,-11.20"",""r"": ""27.59,1.14,-10.97""}"
15,Optimized ,True,384.6139,gaze_sample,"{""target"": ""Sci-fi platform-fbx (4)""}"
15,Optimized ,True,384.725,gaze_sample,"{""target"": ""Sci-fi platform-fbx (4)""}"
15,Optimized ,True,384.7526,head_tracking,"{""input_type"": ""Controller"",""h"": ""27.81,1.31,-11.22"",""l"": ""27.33,1.03,-11.09"",""r"": ""27.59,1.15,-10.97""}"
15,Optimized ,True,384.8359,gaze_sample,"{""target"": ""Sci-fi platform-fbx (4)""}"
15,Optimized ,True,384.9471,gaze_sample,"{""target"": ""Sci-fi platform-fbx (4)""}"
15,Optimized ,True,384.9612,head_tracking,"{""input_type"": ""Controller"",""h"": ""27.81,1.30,-11.21"",""l"": ""27.36,1.04,-11.05"",""r"": ""27.60,1.15,-10.96""}"
15,Optimized ,True,385.0586,gaze_sample,"{""target"": ""Sci-fi platform-fbx (4)""}"
15,Optimized ,True,385.1691,head_tracking,"{""input_type"": ""Controller"",""h"": ""27.81,1.31,-11.20"",""l"": ""27.37,1.02,-11.03"",""r"": ""27.60,1.15,-10.96""}"
15,Optimized ,True,385.1691,gaze_sample,"{""target"": ""Sci-fi platform-fbx (4)""}"
15,Optimized ,True,385.2803,gaze_sample,"{""target"": ""room-small""}"
15,Optimized ,True,385.3775,head_tracking,"{""input_type"": ""Controller"",""h"": ""27.81,1.31,-11.20"",""l"": ""27.37,1.00,-11.03"",""r"": ""27.60,1.15,-10.96""}"
15,Optimized ,True,385.3916,gaze_sample,"{""target"": ""room-small""}"
15,Optimized ,True,385.5025,gaze_sample,"{""target"": ""room-small""}"
15,Optimized ,True,385.5857,head_tracking,"{""input_type"": ""Controller"",""h"": ""27.81,1.31,-11.20"",""l"": ""27.37,1.00,-11.03"",""r"": ""27.60,1.15,-10.96""}"
15,Optimized ,True,385.614,gaze_sample,"{""target"": ""room-small""}"
15,Optimized ,True,385.7248,gaze_sample,"{""target"": ""room-small""}"
15,Optimized ,True,385.7943,head_tracking,"{""input_type"": ""Controller"",""h"": ""27.81,1.31,-11.20"",""l"": ""27.37,1.01,-11.03"",""r"": ""27.60,1.15,-10.96""}"
15,Optimized ,True,385.8358,gaze_sample,"{""target"": ""room-small""}"
15,Optimized ,True,385.9469,gaze_sample,"{""target"": ""room-small""}"
15,Optimized ,True,386.0026,head_tracking,"{""input_type"": ""Controller"",""h"": ""27.81,1.31,-11.20"",""l"": ""27.36,1.00,-11.03"",""r"": ""27.60,1.15,-10.96""}"
15,Optimized ,True,386.058,gaze_sample,"{""target"": ""room-small""}"
15,Optimized ,True,386.169,gaze_sample,"{""target"": ""room-small""}"
15,Optimized ,True,386.2107,head_tracking,"{""input_type"": ""Controller"",""h"": ""27.81,1.31,-11.20"",""l"": ""27.36,0.99,-11.03"",""r"": ""27.60,1.15,-10.96""}"
15,Optimized ,True,386.2802,gaze_sample,"{""target"": ""room-small""}"
15,Optimized ,True,386.3914,gaze_sample,"{""target"": ""room-small""}"
15,Optimized ,True,386.419,head_tracking,"{""input_type"": ""Controller"",""h"": ""27.82,1.31,-11.20"",""l"": ""27.35,0.98,-11.04"",""r"": ""27.60,1.15,-10.96""}"
15,Optimized ,True,386.5028,gaze_sample,"{""target"": ""room-small""}"
15,Optimized ,True,386.6137,gaze_sample,"{""target"": ""room-small""}"
15,Optimized ,True,386.6277,head_tracking,"{""input_type"": ""Controller"",""h"": ""27.81,1.31,-11.20"",""l"": ""27.35,0.99,-11.04"",""r"": ""27.60,1.15,-10.96""}"
15,Optimized ,True,386.7247,gaze_sample,"{""target"": ""room-small""}"
15,Optimized ,True,386.8358,head_tracking,"{""input_type"": ""Controller"",""h"": ""27.82,1.31,-11.20"",""l"": ""27.38,1.01,-11.03"",""r"": ""27.60,1.15,-10.96""}"
15,Optimized ,True,386.8358,gaze_sample,"{""target"": ""room-small""}"
15,Optimized ,True,386.947,gaze_sample,"{""target"": ""room-small""}"
15,Optimized ,True,387.0444,head_tracking,"{""input_type"": ""Controller"",""h"": ""27.82,1.31,-11.20"",""l"": ""27.39,1.03,-11.03"",""r"": ""27.60,1.15,-10.96""}"
15,Optimized ,True,387.0588,gaze_sample,"{""target"": ""room-small""}"
15,Optimized ,True,387.1694,gaze_sample,"{""target"": ""room-small""}"
15,Optimized ,True,387.2527,head_tracking,"{""input_type"": ""Controller"",""h"": ""27.82,1.31,-11.20"",""l"": ""27.39,1.03,-11.02"",""r"": ""27.60,1.15,-10.96""}"
15,Optimized ,True,387.2807,gaze_sample,"{""target"": ""room-small""}"
15,Optimized ,True,387.3917,gaze_sample,"{""target"": ""room-small""}"
15,Optimized ,True,387.461,head_tracking,"{""input_type"": ""Controller"",""h"": ""27.82,1.31,-11.20"",""l"": ""27.40,1.05,-11.03"",""r"": ""27.60,1.15,-10.96""}"
15,Optimized ,True,387.5027,gaze_sample,"{""target"": ""room-small""}"
15,Optimized ,True,387.6137,gaze_sample,"{""target"": ""room-small""}"
15,Optimized ,True,387.6696,head_tracking,"{""input_type"": ""Controller"",""h"": ""27.82,1.31,-11.20"",""l"": ""27.40,1.05,-11.03"",""r"": ""27.60,1.15,-10.96""}"
15,Optimized ,True,387.725,gaze_sample,"{""target"": ""room-small""}"
15,Optimized ,True,387.8365,gaze_sample,"{""target"": ""room-small""}"
15,Optimized ,True,387.8777,head_tracking,"{""input_type"": ""Controller"",""h"": ""27.80,1.31,-11.32"",""l"": ""27.38,1.04,-11.15"",""r"": ""27.58,1.15,-11.08""}"
15,Optimized ,True,387.947,gaze_sample,"{""target"": ""Sci-fi platform-fbx (4)""}"
15,Optimized ,True,388.0579,gaze_sample,"{""target"": ""Sci-fi platform-fbx (4)""}"
15,Optimized ,True,388.0858,head_tracking,"{""input_type"": ""Controller"",""h"": ""27.73,1.31,-11.83"",""l"": ""27.30,1.01,-11.66"",""r"": ""27.51,1.15,-11.59""}"
15,Optimized ,True,388.169,gaze_sample,"{""target"": ""Sci-fi platform-fbx (4)""}"
15,Optimized ,True,388.2802,gaze_sample,"{""target"": ""Sci-fi platform-fbx (4)""}"
15,Optimized ,True,388.2942,head_tracking,"{""input_type"": ""Controller"",""h"": ""27.74,1.31,-11.99"",""l"": ""27.31,0.95,-11.82"",""r"": ""27.52,1.15,-11.75""}"
15,Optimized ,True,388.3917,gaze_sample,"{""target"": ""Sci-fi platform-fbx (4)""}"
15,Optimized ,True,388.5025,head_tracking,"{""input_type"": ""Controller"",""h"": ""27.66,1.31,-12.43"",""l"": ""27.21,0.98,-12.29"",""r"": ""27.44,1.15,-12.19""}"
15,Optimized ,True,388.5025,gaze_sample,"{""target"": ""Sci-fi platform-fbx (4)""}"
15,Optimized ,True,388.6138,gaze_sample,"{""target"": ""Sci-fi platform-fbx (4)""}"
15,Optimized ,True,388.7108,head_tracking,"{""input_type"": ""Controller"",""h"": ""27.61,1.31,-12.95"",""l"": ""27.17,1.00,-12.80"",""r"": ""27.39,1.15,-12.71""}"
15,Optimized ,True,388.7246,gaze_sample,"{""target"": ""Sci-fi platform-fbx (4)""}"
15,Optimized ,True,388.8357,gaze_sample,"{""target"": ""Sci-fi platform-fbx (4)""}"
15,Optimized ,True,388.9193,head_tracking,"{""input_type"": ""Controller"",""h"": ""27.61,1.31,-13.16"",""l"": ""27.18,1.00,-13.00"",""r"": ""27.40,1.15,-12.92""}"
15,Optimized ,True,388.947,gaze_sample,"{""target"": ""Sci-fi platform-fbx (4)""}"
15,Optimized ,True,389.0583,gaze_sample,"{""target"": ""Sci-fi platform-fbx (4)""}"
15,Optimized ,True,389.1274,head_tracking,"{""input_type"": ""Controller"",""h"": ""27.88,1.31,-12.95"",""l"": ""27.44,1.01,-12.79"",""r"": ""27.66,1.15,-12.71""}"
15,Optimized ,True,389.1691,gaze_sample,"{""target"": ""Sci-fi platform-fbx (4)""}"
15,Optimized ,True,389.2802,gaze_sample,"{""target"": ""Sci-fi platform-fbx (4)""}"
15,Optimized ,True,389.3358,head_tracking,"{""input_type"": ""Controller"",""h"": ""28.40,1.31,-12.93"",""l"": ""27.96,1.03,-12.77"",""r"": ""28.18,1.15,-12.69""}"
15,Optimized ,True,389.3913,gaze_sample,"{""target"": ""Sci-fi platform-fbx (4)""}"
15,Optimized ,True,389.5025,gaze_sample,"{""target"": ""Sci-fi platform-fbx (4)""}"
15,Optimized ,True,389.5441,head_tracking,"{""input_type"": ""Controller"",""h"": ""28.92,1.32,-12.96"",""l"": ""28.49,1.03,-12.80"",""r"": ""28.70,1.15,-12.73""}"
15,Optimized ,True,389.6136,gaze_sample,"{""target"": ""Sci-fi platform-fbx (4)""}"
15,Optimized ,True,389.7245,gaze_sample,"{""target"": ""Sci-fi platform-fbx (4)""}"
15,Optimized ,True,389.7523,head_tracking,"{""input_type"": ""Controller"",""h"": ""29.42,1.32,-13.10"",""l"": ""28.99,1.04,-12.94"",""r"": ""29.19,1.15,-12.87""}"
15,Optimized ,True,389.8356,gaze_sample,"{""target"": ""Sci-fi platform-fbx (4)""}"
15,Optimized ,True,389.948,gaze_sample,"{""target"": ""Sci-fi platform-fbx (4)""}"
15,Optimized ,True,389.9604,head_tracking,"{""input_type"": ""Controller"",""h"": ""29.86,1.32,-13.34"",""l"": ""29.44,1.04,-13.17"",""r"": ""29.63,1.15,-13.10""}"
15,Optimized ,True,390.0579,gaze_sample,"{""target"": ""Sci-fi platform-fbx (4)""}"
15,Optimized ,True,390.1691,head_tracking,"{""input_type"": ""Controller"",""h"": ""30.32,1.32,-13.59"",""l"": ""29.90,1.05,-13.43"",""r"": ""30.09,1.15,-13.36""}"
15,Optimized ,True,390.1691,gaze_sample,"{""target"": ""Sci-fi platform-fbx (4)""}"
15,Optimized ,True,390.2804,gaze_sample,"{""target"": ""Sci-fi platform-fbx (4)""}"
15,Optimized ,True,390.3771,head_tracking,"{""input_type"": ""Controller"",""h"": ""30.43,1.32,-13.69"",""l"": ""30.01,1.06,-13.53"",""r"": ""30.20,1.15,-13.45""}"
15,Optimized ,True,390.3912,gaze_sample,"{""target"": ""Sci-fi platform-fbx (4)""}"
15,Optimized ,True,390.5023,gaze_sample,"{""target"": ""Sci-fi platform-fbx (4)""}"
15,Optimized ,True,390.5856,head_tracking,"{""input_type"": ""Controller"",""h"": ""30.41,1.32,-13.50"",""l"": ""30.00,1.06,-13.34"",""r"": ""30.18,1.15,-13.27""}"
15,Optimized ,True,390.6136,gaze_sample,"{""target"": ""Sci-fi platform-fbx (4)""}"
15,Optimized ,True,390.7245,gaze_sample,"{""target"": ""Sci-fi platform-fbx (4)""}"
15,Optimized ,True,390.794,head_tracking,"{""input_type"": ""Controller"",""h"": ""30.38,1.32,-12.98"",""l"": ""29.98,1.06,-12.81"",""r"": ""30.15,1.15,-12.75""}"
15,Optimized ,True,390.8354,gaze_sample,"{""target"": ""room-small""}"
15,Optimized ,True,390.9362,gaze_sample,"{""target"": ""room-small""}"
15,Optimized ,True,391.0053,head_tracking,"{""input_type"": ""Controller"",""h"": ""30.36,1.33,-12.54"",""l"": ""29.95,1.07,-12.37"",""r"": ""30.13,1.15,-12.31""}"
15,Optimized ,True,391.0467,gaze_sample,"{""target"": ""room-small""}"
15,Optimized ,True,391.1575,gaze_sample,"{""target"": ""room-small""}"
15,Optimized ,True,391.2131,head_tracking,"{""input_type"": ""Controller"",""h"": ""30.37,1.33,-12.54"",""l"": ""29.95,1.08,-12.37"",""r"": ""30.13,1.15,-12.31""}"
15,Optimized ,True,391.2687,gaze_sample,"{""target"": ""room-small""}"
15,Optimized ,True,391.3768,gaze_sample,"{""target"": ""room-small""}"
15,Optimized ,True,391.4185,head_tracking,"{""input_type"": ""Controller"",""h"": ""30.37,1.33,-12.54"",""l"": ""29.95,1.10,-12.36"",""r"": ""30.13,1.16,-12.31""}"
15,Optimized ,True,391.4879,gaze_sample,"{""target"": ""room-small""}"
15,Optimized ,True,391.5993,gaze_sample,"{""target"": ""room-small""}"
15,Optimized ,True,391.6265,head_tracking,"{""input_type"": ""Controller"",""h"": ""30.36,1.33,-12.56"",""l"": ""29.95,1.12,-12.32"",""r"": ""30.13,1.16,-12.32""}"
15,Optimized ,True,391.7099,gaze_sample,"{""target"": ""room-small""}"
15,Optimized ,True,391.8211,gaze_sample,"{""target"": ""room-small""}"
15,Optimized ,True,391.835,head_tracking,"{""input_type"": ""Controller"",""h"": ""30.35,1.33,-12.56"",""l"": ""29.95,1.14,-12.30"",""r"": ""30.13,1.17,-12.32""}"
15,Optimized ,True,391.9325,gaze_sample,"{""target"": ""room-small""}"
15,Optimized ,True,392.0434,head_tracking,"{""input_type"": ""Controller"",""h"": ""30.35,1.33,-12.56"",""l"": ""29.92,1.17,-12.31"",""r"": ""30.13,1.16,-12.33""}"
15,Optimized ,True,392.0434,gaze_sample,"{""target"": ""room-small""}"
15,Optimized ,True,392.1545,gaze_sample,"{""target"": ""Sci-fi platform-fbx (4)""}"
15,Optimized ,True,392.2517,head_tracking,"{""input_type"": ""Controller"",""h"": ""30.36,1.33,-12.56"",""l"": ""29.91,1.20,-12.31"",""r"": ""30.13,1.16,-12.33""}"
15,Optimized ,True,392.2656,gaze_sample,"{""target"": ""Sci-fi platform-fbx (4)""}"
15,Optimized ,True,392.3769,gaze_sample,"{""target"": ""Sci-fi platform-fbx (4)""}"
15,Optimized ,True,392.4602,head_tracking,"{""input_type"": ""Controller"",""h"": ""30.36,1.33,-12.56"",""l"": ""29.89,1.22,-12.32"",""r"": ""30.14,1.16,-12.32""}"
15,Optimized ,True,392.4881,gaze_sample,"{""target"": ""Sci-fi platform-fbx (4)""}"
15,Optimized ,True,392.5993,gaze_sample,"{""target"": ""Sci-fi platform-fbx (4)""}"
15,Optimized ,True,392.6685,head_tracking,"{""input_type"": ""Controller"",""h"": ""30.36,1.33,-12.55"",""l"": ""29.86,1.22,-12.36"",""r"": ""30.13,1.17,-12.33""}"
15,Optimized ,True,392.7102,gaze_sample,"{""target"": ""Sci-fi platform-fbx (4)""}"
15,Optimized ,True,392.8214,gaze_sample,"{""target"": ""Sci-fi platform-fbx (4)""}"
15,Optimized ,True,392.8768,head_tracking,"{""input_type"": ""Controller"",""h"": ""30.35,1.33,-12.56"",""l"": ""29.84,1.23,-12.39"",""r"": ""30.13,1.16,-12.32""}"
15,Optimized ,True,392.9323,gaze_sample,"{""target"": ""Sci-fi platform-fbx (4)""}"
15,Optimized ,True,393.0436,gaze_sample,"{""target"": ""Sci-fi platform-fbx (4)""}"
15,Optimized ,True,393.0853,head_tracking,"{""input_type"": ""Controller"",""h"": ""30.36,1.33,-12.56"",""l"": ""29.84,1.24,-12.39"",""r"": ""30.13,1.16,-12.33""}"
15,Optimized ,True,393.1548,gaze_sample,"{""target"": ""Sci-fi platform-fbx (4)""}"
15,Optimized ,True,393.2659,gaze_sample,"{""target"": ""Sci-fi platform-fbx (4)""}"
15,Optimized ,True,393.2935,head_tracking,"{""input_type"": ""Controller"",""h"": ""30.36,1.33,-12.56"",""l"": ""29.84,1.24,-12.39"",""r"": ""30.13,1.17,-12.35""}"
15,Optimized ,True,393.3769,gaze_sample,"{""target"": ""Sci-fi platform-fbx (4)""}"
15,Optimized ,True,393.4883,gaze_sample,"{""target"": ""Sci-fi platform-fbx (4)""}"
15,Optimized ,True,393.5025,head_tracking,"{""input_type"": ""Controller"",""h"": ""30.35,1.33,-12.56"",""l"": ""29.84,1.24,-12.39"",""r"": ""30.13,1.16,-12.35""}"
15,Optimized ,True,393.6004,gaze_sample,"{""target"": ""Sci-fi platform-fbx (4)""}"
15,Optimized ,True,393.7106,head_tracking,"{""input_type"": ""Controller"",""h"": ""30.36,1.33,-12.56"",""l"": ""29.84,1.22,-12.40"",""r"": ""30.13,1.16,-12.35""}"
15,Optimized ,True,393.7106,gaze_sample,"{""target"": ""Sci-fi platform-fbx (4)""}"
15,Optimized ,True,393.8217,gaze_sample,"{""target"": ""Sci-fi platform-fbx (4)""}"
15,Optimized ,True,393.9189,head_tracking,"{""input_type"": ""Controller"",""h"": ""30.35,1.33,-12.56"",""l"": ""29.84,1.23,-12.40"",""r"": ""30.13,1.16,-12.35""}"
15,Optimized ,True,393.9329,gaze_sample,"{""target"": ""Sci-fi platform-fbx (4)""}"
15,Optimized ,True,394.0439,gaze_sample,"{""target"": ""Sci-fi platform-fbx (4)""}"
15,Optimized ,True,394.1273,head_tracking,"{""input_type"": ""Controller"",""h"": ""30.35,1.33,-12.56"",""l"": ""29.85,1.24,-12.39"",""r"": ""30.13,1.16,-12.35""}"
15,Optimized ,True,394.1555,gaze_sample,"{""target"": ""Sci-fi platform-fbx (4)""}"
15,Optimized ,True,394.266,gaze_sample,"{""target"": ""Sci-fi platform-fbx (4)""}"
15,Optimized ,True,394.3357,head_tracking,"{""input_type"": ""Controller"",""h"": ""30.35,1.33,-12.56"",""l"": ""29.86,1.24,-12.39"",""r"": ""30.13,1.16,-12.35""}"
15,Optimized ,True,394.3774,gaze_sample,"{""target"": ""Sci-fi platform-fbx (4)""}"
15,Optimized ,True,394.4886,gaze_sample,"{""target"": ""Sci-fi platform-fbx (4)""}"
15,Optimized ,True,394.5443,head_tracking,"{""input_type"": ""Controller"",""h"": ""30.35,1.33,-12.56"",""l"": ""29.86,1.24,-12.39"",""r"": ""30.12,1.16,-12.34""}"
15,Optimized ,True,394.5998,gaze_sample,"{""target"": ""Sci-fi platform-fbx (4)""}"
15,Optimized ,True,394.7109,gaze_sample,"{""target"": ""Sci-fi platform-fbx (4)""}"
15,Optimized ,True,394.7524,head_tracking,"{""input_type"": ""Controller"",""h"": ""30.36,1.33,-12.56"",""l"": ""29.87,1.21,-12.40"",""r"": ""30.10,1.12,-12.32""}"
15,Optimized ,True,394.8228,gaze_sample,"{""target"": ""Sci-fi platform-fbx (4)""}"
15,Optimized ,True,394.9327,gaze_sample,"{""target"": ""room-small""}"
15,Optimized ,True,394.9607,head_tracking,"{""input_type"": ""Controller"",""h"": ""30.36,1.33,-12.55"",""l"": ""29.86,1.11,-12.44"",""r"": ""30.08,1.05,-12.26""}"
15,Optimized ,True,395.0439,gaze_sample,"{""target"": ""room-small""}"
15,Optimized ,True,395.1548,gaze_sample,"{""target"": ""room-small""}"
15,Optimized ,True,395.1687,head_tracking,"{""input_type"": ""Controller"",""h"": ""30.36,1.32,-12.55"",""l"": ""29.85,1.04,-12.50"",""r"": ""30.05,1.00,-12.16""}"
15,Optimized ,True,395.2659,gaze_sample,"{""target"": ""room-small""}"
15,Optimized ,True,395.3772,head_tracking,"{""input_type"": ""Controller"",""h"": ""30.36,1.32,-12.55"",""l"": ""29.85,1.04,-12.52"",""r"": ""29.97,1.04,-12.22""}"
15,Optimized ,True,395.3772,gaze_sample,"{""target"": ""room-small""}"
15,Optimized ,True,395.488,gaze_sample,"{""target"": ""room-small""}"
15,Optimized ,True,395.5854,head_tracking,"{""input_type"": ""Controller"",""h"": ""30.36,1.32,-12.56"",""l"": ""29.86,1.04,-12.53"",""r"": ""29.94,1.04,-12.23""}"
15,Optimized ,True,395.5992,gaze_sample,"{""target"": ""room-small""}"
15,Optimized ,True,395.7101,gaze_sample,"{""target"": ""room-small""}"
15,Optimized ,True,395.7942,head_tracking,"{""input_type"": ""Controller"",""h"": ""30.35,1.32,-12.56"",""l"": ""29.86,1.03,-12.53"",""r"": ""29.93,1.05,-12.21""}"
15,Optimized ,True,395.8217,gaze_sample,"{""target"": ""room-small""}"
15,Optimized ,True,395.9328,gaze_sample,"{""target"": ""room-small""}"
15,Optimized ,True,396.0015,head_tracking,"{""input_type"": ""Controller"",""h"": ""30.35,1.32,-12.56"",""l"": ""29.86,1.03,-12.53"",""r"": ""29.92,1.02,-12.20""}"
15,Optimized ,True,396.043,gaze_sample,"{""target"": ""room-small""}"
15,Optimized ,True,396.1542,gaze_sample,"{""target"": ""room-small""}"
15,Optimized ,True,396.2105,head_tracking,"{""input_type"": ""Controller"",""h"": ""30.35,1.32,-12.55"",""l"": ""29.87,1.03,-12.53"",""r"": ""29.92,1.02,-12.23""}"
15,Optimized ,True,396.2652,gaze_sample,"{""target"": ""room-small""}"
15,Optimized ,True,396.3764,gaze_sample,"{""target"": ""room-small""}"
15,Optimized ,True,396.418,head_tracking,"{""input_type"": ""Controller"",""h"": ""30.36,1.32,-12.55"",""l"": ""30.03,1.03,-12.19"",""r"": ""30.28,1.01,-12.01""}"
15,Optimized ,True,396.4878,gaze_sample,"{""target"": ""lasers""}"
15,Optimized ,True,396.5964,gaze_sample,"{""target"": ""lasers""}"
15,Optimized ,True,396.6242,head_tracking,"{""input_type"": ""Controller"",""h"": ""30.36,1.32,-12.55"",""l"": ""30.03,1.03,-12.19"",""r"": ""30.29,0.96,-11.99""}"
15,Optimized ,True,396.7075,gaze_sample,"{""target"": ""lasers""}"
15,Optimized ,True,396.8187,gaze_sample,"{""target"": ""lasers""}"
15,Optimized ,True,396.8327,head_tracking,"{""input_type"": ""Controller"",""h"": ""30.35,1.32,-12.55"",""l"": ""30.03,1.04,-12.19"",""r"": ""30.31,0.93,-11.99""}"
15,Optimized ,True,396.9301,gaze_sample,"{""target"": ""lasers""}"
15,Optimized ,True,397.0421,head_tracking,"{""input_type"": ""Controller"",""h"": ""30.36,1.32,-12.55"",""l"": ""30.04,1.04,-12.18"",""r"": ""30.28,0.95,-12.00""}"
15,Optimized ,True,397.0421,gaze_sample,"{""target"": ""lasers""}"
15,Optimized ,True,397.1525,gaze_sample,"{""target"": ""room-small""}"
15,Optimized ,True,397.2496,head_tracking,"{""input_type"": ""Controller"",""h"": ""30.36,1.32,-12.55"",""l"": ""30.39,1.04,-12.07"",""r"": ""30.70,0.95,-12.11""}"
15,Optimized ,True,397.2635,gaze_sample,"{""target"": ""room-small""}"
15,Optimized ,True,397.3755,gaze_sample,"{""target"": ""room-small""}"
15,Optimized ,True,397.4583,head_tracking,"{""input_type"": ""Controller"",""h"": ""30.35,1.32,-12.55"",""l"": ""30.39,1.04,-12.07"",""r"": ""30.70,0.95,-12.11""}"
15,Optimized ,True,397.4868,gaze_sample,"{""target"": ""room-small""}"
15,Optimized ,True,397.5971,gaze_sample,"{""target"": ""room-small""}"
15,Optimized ,True,397.668,head_tracking,"{""input_type"": ""Controller"",""h"": ""30.36,1.32,-12.55"",""l"": ""30.39,1.04,-12.07"",""r"": ""30.64,0.96,-12.11""}"
15,Optimized ,True,397.7081,gaze_sample,"{""target"": ""room-small""}"
15,Optimized ,True,397.8195,gaze_sample,"{""target"": ""room-small""}"
15,Optimized ,True,397.8749,head_tracking,"{""input_type"": ""Controller"",""h"": ""30.36,1.32,-12.55"",""l"": ""30.39,1.04,-12.07"",""r"": ""30.71,1.02,-12.11""}"
15,Optimized ,True,397.9307,gaze_sample,"{""target"": ""room-small""}"
15,Optimized ,True,398.0416,gaze_sample,"{""target"": ""room-small""}"
15,Optimized ,True,398.0838,head_tracking,"{""input_type"": ""Controller"",""h"": ""30.36,1.32,-12.55"",""l"": ""30.39,1.05,-12.07"",""r"": ""30.71,1.02,-12.13""}"
15,Optimized ,True,398.1528,gaze_sample,"{""target"": ""room-small""}"
15,Optimized ,True,398.264,gaze_sample,"{""target"": ""room-small""}"
15,Optimized ,True,398.2919,head_tracking,"{""input_type"": ""Controller"",""h"": ""30.36,1.32,-12.55"",""l"": ""30.40,1.05,-12.07"",""r"": ""30.69,1.00,-12.12""}"
15,Optimized ,True,398.3751,gaze_sample,"{""target"": ""room-small""}"
15,Optimized ,True,398.4861,gaze_sample,"{""target"": ""room-small""}"
15,Optimized ,True,398.5002,head_tracking,"{""input_type"": ""Controller"",""h"": ""30.36,1.32,-12.55"",""l"": ""30.39,1.05,-12.07"",""r"": ""30.67,0.99,-12.12""}"
15,Optimized ,True,398.5974,gaze_sample,"{""target"": ""room-small""}"
15,Optimized ,True,398.7096,head_tracking,"{""input_type"": ""Controller"",""h"": ""30.36,1.32,-12.55"",""l"": ""30.72,1.05,-12.24"",""r"": ""30.89,0.97,-12.48""}"
15,Optimized ,True,398.7096,gaze_sample,"{""target"": ""room-small""}"
15,Optimized ,True,398.8206,gaze_sample,"{""target"": ""room-small""}"
15,Optimized ,True,398.9184,head_tracking,"{""input_type"": ""Controller"",""h"": ""30.36,1.32,-12.55"",""l"": ""30.72,1.05,-12.24"",""r"": ""30.91,0.92,-12.53""}"
15,Optimized ,True,398.9322,gaze_sample,"{""target"": ""room-small""}"
15,Optimized ,True,399.0436,gaze_sample,"{""target"": ""room-small""}"
15,Optimized ,True,399.1273,head_tracking,"{""input_type"": ""Controller"",""h"": ""30.36,1.32,-12.55"",""l"": ""30.73,1.05,-12.24"",""r"": ""30.91,0.92,-12.54""}"
15,Optimized ,True,399.1547,gaze_sample,"{""target"": ""room-small""}"
15,Optimized ,True,399.2657,gaze_sample,"{""target"": ""template-wall (1)""}"
15,Optimized ,True,399.335,head_tracking,"{""input_type"": ""Controller"",""h"": ""30.36,1.32,-12.56"",""l"": ""30.84,1.05,-12.59"",""r"": ""30.76,0.94,-12.94""}"
15,Optimized ,True,399.3769,gaze_sample,"{""target"": ""template-wall (1)""}"
15,Optimized ,True,399.488,gaze_sample,"{""target"": ""template-wall (1)""}"
15,Optimized ,True,399.5435,head_tracking,"{""input_type"": ""Controller"",""h"": ""30.36,1.32,-12.56"",""l"": ""30.84,1.06,-12.59"",""r"": ""30.76,0.95,-12.94""}"
15,Optimized ,True,399.5999,gaze_sample,"{""target"": ""template-wall (1)""}"
15,Optimized ,True,399.7102,gaze_sample,"{""target"": ""template-wall (1)""}"
15,Optimized ,True,399.7518,head_tracking,"{""input_type"": ""Controller"",""h"": ""30.36,1.32,-12.56"",""l"": ""30.84,1.06,-12.59"",""r"": ""30.75,0.97,-12.96""}"
15,Optimized ,True,399.8213,gaze_sample,"{""target"": ""template-wall (1)""}"
15,Optimized ,True,399.9326,gaze_sample,"{""target"": ""template-wall (1)""}"
15,Optimized ,True,399.9601,head_tracking,"{""input_type"": ""Controller"",""h"": ""30.36,1.32,-12.55"",""l"": ""30.84,1.06,-12.59"",""r"": ""30.72,0.99,-13.03""}"
15,Optimized ,True,400.0433,gaze_sample,"{""target"": ""template-wall (1)""}"
15,Optimized ,True,400.1545,gaze_sample,"{""target"": ""template-wall (1)""}"
15,Optimized ,True,400.1687,head_tracking,"{""input_type"": ""Controller"",""h"": ""30.36,1.32,-12.56"",""l"": ""30.84,1.06,-12.59"",""r"": ""30.74,1.04,-12.99""}"
15,Optimized ,True,400.2655,gaze_sample,"{""target"": ""template-wall (1)""}"
15,Optimized ,True,400.3768,head_tracking,"{""input_type"": ""Controller"",""h"": ""30.36,1.32,-12.56"",""l"": ""30.84,1.06,-12.60"",""r"": ""30.65,1.19,-12.80""}"
15,Optimized ,True,400.3768,gaze_sample,"{""target"": ""template-wall (1)""}"
15,Optimized ,True,400.488,gaze_sample,"{""target"": ""template-wall (1)""}"
15,Optimized ,True,400.5855,head_tracking,"{""input_type"": ""Controller"",""h"": ""30.36,1.32,-12.56"",""l"": ""30.84,1.07,-12.59"",""r"": ""30.68,1.16,-12.84""}"
15,Optimized ,True,400.5991,gaze_sample,"{""target"": ""template-wall (1)""}"
15,Optimized ,True,400.7104,gaze_sample,"{""target"": ""template-wall (1)""}"
15,Optimized ,True,400.7936,head_tracking,"{""input_type"": ""Controller"",""h"": ""30.36,1.32,-12.55"",""l"": ""30.83,1.07,-12.58"",""r"": ""30.70,1.06,-12.90""}"
15,Optimized ,True,400.8213,gaze_sample,"{""target"": ""template-wall (1)""}"
15,Optimized ,True,400.9327,gaze_sample,"{""target"": ""template-wall (1)""}"
15,Optimized ,True,401.002,head_tracking,"{""input_type"": ""Controller"",""h"": ""30.36,1.32,-12.56"",""l"": ""30.83,1.07,-12.59"",""r"": ""30.68,1.07,-13.00""}"
15,Optimized ,True,401.0435,gaze_sample,"{""target"": ""template-wall (1)""}"
15,Optimized ,True,401.1548,gaze_sample,"{""target"": ""room-small""}"
15,Optimized ,True,401.2104,head_tracking,"{""input_type"": ""Controller"",""h"": ""30.36,1.32,-12.56"",""l"": ""30.83,1.07,-12.59"",""r"": ""30.64,1.06,-13.05""}"
15,Optimized ,True,401.266,gaze_sample,"{""target"": ""room-small""}"
15,Optimized ,True,401.377,gaze_sample,"{""target"": ""room-small""}"
15,Optimized ,True,401.4186,head_tracking,"{""input_type"": ""Controller"",""h"": ""30.35,1.32,-12.57"",""l"": ""30.83,1.07,-12.59"",""r"": ""30.63,1.07,-13.00""}"
15,Optimized ,True,401.4886,gaze_sample,"{""target"": ""room-small""}"
15,Optimized ,True,401.5992,gaze_sample,"{""target"": ""room-small""}"
15,Optimized ,True,401.6269,head_tracking,"{""input_type"": ""Controller"",""h"": ""30.35,1.32,-12.57"",""l"": ""30.83,1.07,-12.59"",""r"": ""30.61,1.08,-12.94""}"
15,Optimized ,True,401.7102,gaze_sample,"{""target"": ""room-small""}"
15,Optimized ,True,401.8214,gaze_sample,"{""target"": ""room-small""}"
15,Optimized ,True,401.8352,head_tracking,"{""input_type"": ""Controller"",""h"": ""30.35,1.32,-12.57"",""l"": ""30.83,1.07,-12.59"",""r"": ""30.58,1.03,-13.00""}"
15,Optimized ,True,401.9322,gaze_sample,"{""target"": ""room-small""}"
15,Optimized ,True,402.0435,head_tracking,"{""input_type"": ""Controller"",""h"": ""30.35,1.32,-12.57"",""l"": ""30.83,1.07,-12.59"",""r"": ""30.61,1.03,-13.04""}"
15,Optimized ,True,402.0435,gaze_sample,"{""target"": ""room-small""}"
15,Optimized ,True,402.1546,gaze_sample,"{""target"": ""room-small""}"
15,Optimized ,True,402.2519,head_tracking,"{""input_type"": ""Controller"",""h"": ""30.35,1.32,-12.57"",""l"": ""30.83,1.07,-12.59"",""r"": ""30.65,1.07,-13.03""}"
15,Optimized ,True,402.2658,gaze_sample,"{""target"": ""room-small""}"
15,Optimized ,True,402.3769,gaze_sample,"{""target"": ""room-small""}"
15,Optimized ,True,402.4603,head_tracking,"{""input_type"": ""Controller"",""h"": ""30.35,1.32,-12.57"",""l"": ""30.83,1.07,-12.60"",""r"": ""30.67,1.10,-12.97""}"
15,Optimized ,True,402.4885,gaze_sample,"{""target"": ""room-small""}"
15,Optimized ,True,402.599,gaze_sample,"{""target"": ""room-small""}"
15,Optimized ,True,402.6687,head_tracking,"{""input_type"": ""Controller"",""h"": ""30.35,1.32,-12.57"",""l"": ""30.83,1.07,-12.59"",""r"": ""30.66,1.12,-12.93""}"
15,Optimized ,True,402.7103,gaze_sample,"{""target"": ""room-small""}"
15,Optimized ,True,402.8214,gaze_sample,"{""target"": ""room-small""}"
15,Optimized ,True,402.8773,head_tracking,"{""input_type"": ""Controller"",""h"": ""30.35,1.32,-12.57"",""l"": ""30.82,1.08,-12.59"",""r"": ""30.67,1.09,-12.95""}"
15,Optimized ,True,402.9325,gaze_sample,"{""target"": ""room-small""}"
15,Optimized ,True,403.0432,gaze_sample,"{""target"": ""room-small""}"
15,Optimized ,True,403.0851,head_tracking,"{""input_type"": ""Controller"",""h"": ""30.35,1.32,-12.56"",""l"": ""30.83,1.08,-12.59"",""r"": ""30.66,1.02,-13.01""}"
15,Optimized ,True,403.1546,gaze_sample,"{""target"": ""room-small""}"
15,Optimized ,True,403.2654,gaze_sample,"{""target"": ""room-small""}"
15,Optimized ,True,403.2934,head_tracking,"{""input_type"": ""Controller"",""h"": ""30.35,1.32,-12.56"",""l"": ""30.83,1.08,-12.59"",""r"": ""30.65,1.01,-13.05""}"
15,Optimized ,True,403.3766,gaze_sample,"{""target"": ""room-small""}"
15,Optimized ,True,403.4878,gaze_sample,"{""target"": ""room-small""}"
15,Optimized ,True,403.5017,head_tracking,"{""input_type"": ""Controller"",""h"": ""30.35,1.32,-12.57"",""l"": ""30.83,1.08,-12.60"",""r"": ""30.67,1.06,-13.03""}"
15,Optimized ,True,403.5988,gaze_sample,"{""target"": ""room-small""}"
15,Optimized ,True,403.7102,head_tracking,"{""input_type"": ""Controller"",""h"": ""30.35,1.32,-12.57"",""l"": ""30.82,1.08,-12.60"",""r"": ""30.67,1.11,-12.97""}"
15,Optimized ,True,403.7102,gaze_sample,"{""target"": ""room-small""}"
15,Optimized ,True,403.821,gaze_sample,"{""target"": ""room-small""}"
15,Optimized ,True,403.9183,head_tracking,"{""input_type"": ""Controller"",""h"": ""30.35,1.32,-12.57"",""l"": ""30.82,1.08,-12.59"",""r"": ""30.67,1.11,-12.95""}"
15,Optimized ,True,403.9323,gaze_sample,"{""target"": ""room-small""}"
15,Optimized ,True,404.0434,gaze_sample,"{""target"": ""room-small""}"
15,Optimized ,True,404.1268,head_tracking,"{""input_type"": ""Controller"",""h"": ""30.35,1.32,-12.56"",""l"": ""30.82,1.08,-12.59"",""r"": ""30.67,1.10,-12.95""}"
15,Optimized ,True,404.3352,head_tracking,"{""input_type"": ""Controller"",""h"": ""30.35,1.32,-12.57"",""l"": ""30.67,1.08,-12.92"",""r"": ""30.30,1.07,-13.08""}"
15,Optimized ,True,404.5438,head_tracking,"{""input_type"": ""Controller"",""h"": ""30.35,1.32,-12.57"",""l"": ""30.66,1.08,-12.92"",""r"": ""30.31,1.07,-13.08""}"
15,Optimized ,True,404.752,head_tracking,"{""input_type"": ""Controller"",""h"": ""30.35,1.32,-12.57"",""l"": ""30.66,1.08,-12.92"",""r"": ""30.31,1.07,-13.08""}"
15,Optimized ,True,404.9602,head_tracking,"{""input_type"": ""Controller"",""h"": ""31.00,1.32,-18.53"",""l"": ""31.39,1.08,-18.79"",""r"": ""31.09,1.07,-19.03""}"
15,Optimized ,True,405.0439,gaze_sample,"{""target"": ""gate-door (1)""}"
15,Optimized ,True,405.1554,gaze_sample,"{""target"": ""gate-door (1)""}"
15,Optimized ,True,405.1693,head_tracking,"{""input_type"": ""Controller"",""h"": ""31.00,1.32,-18.52"",""l"": ""31.39,1.08,-18.79"",""r"": ""31.08,1.05,-19.04""}"
15,Optimized ,True,405.2664,gaze_sample,"{""target"": ""gate-door (1)""}"
15,Optimized ,True,405.3773,head_tracking,"{""input_type"": ""Controller"",""h"": ""31.00,1.32,-18.52"",""l"": ""31.39,1.08,-18.79"",""r"": ""31.08,1.05,-19.03""}"
15,Optimized ,True,405.3773,gaze_sample,"{""target"": ""gate-door (1)""}"
15,Optimized ,True,405.4884,gaze_sample,"{""target"": ""gate-door (1)""}"
15,Optimized ,True,405.5858,head_tracking,"{""input_type"": ""Controller"",""h"": ""31.00,1.32,-18.53"",""l"": ""31.39,1.08,-18.79"",""r"": ""31.10,1.07,-18.99""}"
15,Optimized ,True,405.5995,gaze_sample,"{""target"": ""gate-door (1)""}"
15,Optimized ,True,405.7105,gaze_sample,"{""target"": ""gate-door (1)""}"
15,Optimized ,True,405.7936,head_tracking,"{""input_type"": ""Controller"",""h"": ""31.01,1.32,-18.52"",""l"": ""31.39,1.07,-18.80"",""r"": ""31.20,1.10,-18.80""}"
15,Optimized ,True,405.8216,gaze_sample,"{""target"": ""gate-door (1)""}"
15,Optimized ,True,405.9328,gaze_sample,"{""target"": ""room-small""}"
15,Optimized ,True,406.0022,head_tracking,"{""input_type"": ""Controller"",""h"": ""31.03,1.32,-18.52"",""l"": ""31.41,1.03,-18.80"",""r"": ""31.24,1.11,-18.85""}"
15,Optimized ,True,406.0437,gaze_sample,"{""target"": ""room-small""}"
15,Optimized ,True,406.1552,gaze_sample,"{""target"": ""room-small""}"
15,Optimized ,True,406.2103,head_tracking,"{""input_type"": ""Controller"",""h"": ""31.04,1.32,-18.51"",""l"": ""31.41,0.97,-18.83"",""r"": ""31.25,1.14,-18.76""}"
15,Optimized ,True,406.2661,gaze_sample,"{""target"": ""room-small""}"
15,Optimized ,True,406.377,gaze_sample,"{""target"": ""room-small""}"
15,Optimized ,True,406.4187,head_tracking,"{""input_type"": ""Controller"",""h"": ""31.05,1.31,-18.52"",""l"": ""31.41,0.96,-18.83"",""r"": ""31.28,1.14,-18.69""}"
15,Optimized ,True,406.4879,gaze_sample,"{""target"": ""room-small""}"
15,Optimized ,True,406.5992,gaze_sample,"{""target"": ""room-small""}"
15,Optimized ,True,406.6269,head_tracking,"{""input_type"": ""Controller"",""h"": ""31.06,1.31,-18.52"",""l"": ""31.41,0.97,-18.83"",""r"": ""31.27,1.15,-18.66""}"
15,Optimized ,True,406.7102,gaze_sample,"{""target"": ""room-small""}"
15,Optimized ,True,406.8213,gaze_sample,"{""target"": ""room-small""}"
15,Optimized ,True,406.8358,head_tracking,"{""input_type"": ""Controller"",""h"": ""31.06,1.31,-18.52"",""l"": ""31.40,0.97,-18.84"",""r"": ""31.24,1.16,-18.64""}"
15,Optimized ,True,406.9329,gaze_sample,"{""target"": ""room-small""}"
15,Optimized ,True,407.0436,head_tracking,"{""input_type"": ""Controller"",""h"": ""31.06,1.31,-18.52"",""l"": ""31.07,0.97,-18.98"",""r"": ""31.11,1.12,-18.68""}"
15,Optimized ,True,407.0436,gaze_sample,"{""target"": ""gate-door (1)""}"
15,Optimized ,True,407.1552,gaze_sample,"{""target"": ""gate-door (1)""}"
15,Optimized ,True,407.2522,head_tracking,"{""input_type"": ""Controller"",""h"": ""31.06,1.31,-18.52"",""l"": ""31.07,0.97,-18.98"",""r"": ""31.13,1.10,-18.68""}"
15,Optimized ,True,407.2661,gaze_sample,"{""target"": ""gate-door (1)""}"
15,Optimized ,True,407.3772,gaze_sample,"{""target"": ""gate-door (1)""}"
15,Optimized ,True,407.4606,head_tracking,"{""input_type"": ""Controller"",""h"": ""31.06,1.31,-18.52"",""l"": ""31.07,0.97,-18.98"",""r"": ""31.13,1.12,-18.71""}"
15,Optimized ,True,407.4883,gaze_sample,"{""target"": ""gate-door (1)""}"
15,Optimized ,True,407.5997,gaze_sample,"{""target"": ""gate-door (1)""}"
15,Optimized ,True,407.6691,head_tracking,"{""input_type"": ""Controller"",""h"": ""31.06,1.31,-18.52"",""l"": ""31.06,0.97,-18.98"",""r"": ""31.12,1.12,-18.68""}"
15,Optimized ,True,407.7107,gaze_sample,"{""target"": ""gate-door (1)""}"
15,Optimized ,True,407.8218,gaze_sample,"{""target"": ""gate-door (1)""}"
15,Optimized ,True,407.8773,head_tracking,"{""input_type"": ""Controller"",""h"": ""31.06,1.31,-18.52"",""l"": ""31.06,0.98,-18.98"",""r"": ""31.12,1.12,-18.67""}"
15,Optimized ,True,407.9329,gaze_sample,"{""target"": ""gate-door (1)""}"
15,Optimized ,True,408.0424,gaze_sample,"{""target"": ""room-small""}"
15,Optimized ,True,408.0835,head_tracking,"{""input_type"": ""Controller"",""h"": ""34.01,1.31,-17.12"",""l"": ""34.18,0.98,-16.69"",""r"": ""34.01,1.12,-16.95""}"
15,Optimized ,True,408.1521,gaze_sample,"{""target"": ""room-small""}"
15,Optimized ,True,408.263,gaze_sample,"{""target"": ""room-small""}"
15,Optimized ,True,408.2908,head_tracking,"{""input_type"": ""Controller"",""h"": ""34.01,1.31,-17.12"",""l"": ""34.18,0.98,-16.69"",""r"": ""34.01,1.12,-16.94""}"
15,Optimized ,True,408.3741,gaze_sample,"{""target"": ""room-small""}"
15,Optimized ,True,408.4851,gaze_sample,"{""target"": ""room-small""}"
15,Optimized ,True,408.4987,head_tracking,"{""input_type"": ""Controller"",""h"": ""34.01,1.31,-17.12"",""l"": ""34.17,0.98,-16.69"",""r"": ""34.03,1.14,-16.85""}"
15,Optimized ,True,408.5962,gaze_sample,"{""target"": ""room-small""}"
15,Optimized ,True,408.7073,head_tracking,"{""input_type"": ""Controller"",""h"": ""34.01,1.31,-17.12"",""l"": ""34.18,0.99,-16.69"",""r"": ""34.06,1.16,-16.80""}"
15,Optimized ,True,408.7073,gaze_sample,"{""target"": ""room-small""}"
15,Optimized ,True,408.8181,gaze_sample,"{""target"": ""room-small""}"
15,Optimized ,True,408.9155,head_tracking,"{""input_type"": ""Controller"",""h"": ""34.01,1.31,-17.12"",""l"": ""34.18,0.99,-16.70"",""r"": ""34.02,1.12,-16.80""}"
15,Optimized ,True,408.9294,gaze_sample,"{""target"": ""room-small""}"
15,Optimized ,True,409.0405,gaze_sample,"{""target"": ""room-small""}"
15,Optimized ,True,409.1236,head_tracking,"{""input_type"": ""Controller"",""h"": ""32.34,1.31,-13.12"",""l"": ""32.42,1.00,-12.67"",""r"": ""32.29,1.13,-12.80""}"
15,Optimized ,True,409.1513,gaze_sample,"{""target"": ""gate-lasers""}"
15,Optimized ,True,409.263,gaze_sample,"{""target"": ""gate-lasers""}"
15,Optimized ,True,409.3322,head_tracking,"{""input_type"": ""Controller"",""h"": ""32.34,1.31,-13.12"",""l"": ""32.42,1.00,-12.67"",""r"": ""32.31,1.15,-12.81""}"
15,Optimized ,True,409.3742,gaze_sample,"{""target"": ""room-small""}"
15,Optimized ,True,409.485,gaze_sample,"{""target"": ""room-small""}"
15,Optimized ,True,409.5408,head_tracking,"{""input_type"": ""Controller"",""h"": ""32.34,1.31,-13.11"",""l"": ""32.42,1.01,-12.67"",""r"": ""32.37,1.19,-12.84""}"
15,Optimized ,True,409.5963,gaze_sample,"{""target"": ""room-small""}"
15,Optimized ,True,409.7075,gaze_sample,"{""target"": ""room-small""}"
15,Optimized ,True,409.7489,head_tracking,"{""input_type"": ""Controller"",""h"": ""32.35,1.31,-13.11"",""l"": ""32.42,1.04,-12.68"",""r"": ""32.52,1.23,-12.91""}"
15,Optimized ,True,409.8182,gaze_sample,"{""target"": ""room-small""}"
15,Optimized ,True,409.9292,gaze_sample,"{""target"": ""room-small""}"
15,Optimized ,True,409.9572,head_tracking,"{""input_type"": ""Controller"",""h"": ""32.36,1.31,-13.12"",""l"": ""32.47,1.08,-12.72"",""r"": ""32.59,1.19,-12.96""}"
15,Optimized ,True,410.0409,gaze_sample,"{""target"": ""room-small""}"
15,Optimized ,True,410.1516,gaze_sample,"{""target"": ""room-small""}"
15,Optimized ,True,410.1654,head_tracking,"{""input_type"": ""Controller"",""h"": ""32.36,1.31,-13.13"",""l"": ""32.50,1.10,-12.74"",""r"": ""32.59,1.16,-12.95""}"
15,Optimized ,True,410.2628,gaze_sample,"{""target"": ""room-small""}"
15,Optimized ,True,410.374,head_tracking,"{""input_type"": ""Controller"",""h"": ""32.36,1.31,-13.12"",""l"": ""32.48,1.10,-12.73"",""r"": ""32.56,1.14,-12.90""}"
15,Optimized ,True,410.374,gaze_sample,"{""target"": ""room-small""}"
15,Optimized ,True,410.485,gaze_sample,"{""target"": ""room-small""}"
15,Optimized ,True,410.5824,head_tracking,"{""input_type"": ""Controller"",""h"": ""32.35,1.31,-13.12"",""l"": ""32.48,1.09,-12.71"",""r"": ""32.55,1.12,-12.86""}"
15,Optimized ,True,410.5964,gaze_sample,"{""target"": ""room-small""}"
15,Optimized ,True,410.7073,gaze_sample,"{""target"": ""room-small""}"
15,Optimized ,True,410.7905,head_tracking,"{""input_type"": ""Controller"",""h"": ""32.35,1.31,-13.12"",""l"": ""32.49,1.09,-12.70"",""r"": ""32.55,1.13,-12.86""}"
15,Optimized ,True,410.8184,gaze_sample,"{""target"": ""room-small""}"
15,Optimized ,True,410.9295,gaze_sample,"{""target"": ""room-small""}"
15,Optimized ,True,410.999,head_tracking,"{""input_type"": ""Controller"",""h"": ""32.35,1.31,-13.12"",""l"": ""32.51,1.11,-12.71"",""r"": ""32.56,1.12,-12.87""}"
15,Optimized ,True,411.0402,gaze_sample,"{""target"": ""room-small""}"
15,Optimized ,True,411.1512,gaze_sample,"{""target"": ""room-small""}"
15,Optimized ,True,411.2077,head_tracking,"{""input_type"": ""Controller"",""h"": ""32.35,1.31,-13.12"",""l"": ""32.51,1.11,-12.71"",""r"": ""32.56,1.12,-12.87""}"
15,Optimized ,True,411.2622,gaze_sample,"{""target"": ""room-small""}"
15,Optimized ,True,411.3735,gaze_sample,"{""target"": ""room-small""}"
15,Optimized ,True,411.4149,head_tracking,"{""input_type"": ""Controller"",""h"": ""32.35,1.31,-13.12"",""l"": ""32.51,1.12,-12.71"",""r"": ""32.56,1.12,-12.87""}"
15,Optimized ,True,411.4846,gaze_sample,"{""target"": ""room-small""}"
15,Optimized ,True,411.5959,gaze_sample,"{""target"": ""room-small""}"
15,Optimized ,True,411.6238,head_tracking,"{""input_type"": ""Controller"",""h"": ""32.35,1.31,-13.12"",""l"": ""32.51,1.12,-12.71"",""r"": ""32.56,1.12,-12.86""}"
15,Optimized ,True,411.7068,gaze_sample,"{""target"": ""room-small""}"
15,Optimized ,True,411.8177,gaze_sample,"{""target"": ""room-small""}"
15,Optimized ,True,411.8317,head_tracking,"{""input_type"": ""Controller"",""h"": ""32.35,1.31,-13.12"",""l"": ""32.51,1.13,-12.71"",""r"": ""32.56,1.12,-12.86""}"
15,Optimized ,True,411.9289,gaze_sample,"{""target"": ""room-small""}"
15,Optimized ,True,412.0415,head_tracking,"{""input_type"": ""Controller"",""h"": ""32.36,1.31,-13.13"",""l"": ""32.50,1.12,-12.71"",""r"": ""32.59,1.11,-12.85""}"
15,Optimized ,True,412.0415,gaze_sample,"{""target"": ""room-small""}"
15,Optimized ,True,412.1511,gaze_sample,"{""target"": ""room-small""}"
15,Optimized ,True,412.2483,head_tracking,"{""input_type"": ""Controller"",""h"": ""32.38,1.31,-13.13"",""l"": ""32.49,1.10,-12.70"",""r"": ""32.63,1.13,-12.85""}"
15,Optimized ,True,412.2623,gaze_sample,"{""target"": ""room-small""}"
15,Optimized ,True,412.3736,gaze_sample,"{""target"": ""room-small""}"
15,Optimized ,True,412.4569,head_tracking,"{""input_type"": ""Controller"",""h"": ""32.38,1.31,-13.13"",""l"": ""32.49,1.11,-12.70"",""r"": ""32.65,1.12,-12.84""}"
15,Optimized ,True,412.4848,gaze_sample,"{""target"": ""room-small""}"
15,Optimized ,True,412.5959,gaze_sample,"{""target"": ""room-small""}"
15,Optimized ,True,412.6656,head_tracking,"{""input_type"": ""Controller"",""h"": ""32.38,1.31,-13.13"",""l"": ""32.51,1.15,-12.72"",""r"": ""32.66,1.12,-12.86""}"
15,Optimized ,True,412.7071,gaze_sample,"{""target"": ""room-small""}"
15,Optimized ,True,412.818,gaze_sample,"{""target"": ""room-small""}"
15,Optimized ,True,412.8737,head_tracking,"{""input_type"": ""Controller"",""h"": ""32.38,1.31,-13.14"",""l"": ""32.53,1.12,-12.70"",""r"": ""32.67,1.11,-12.87""}"
15,Optimized ,True,412.9295,gaze_sample,"{""target"": ""room-small""}"
15,Optimized ,True,413.0403,gaze_sample,"{""target"": ""room-small""}"
15,Optimized ,True,413.0817,head_tracking,"{""input_type"": ""Controller"",""h"": ""32.38,1.31,-13.13"",""l"": ""32.50,1.05,-12.64"",""r"": ""32.67,1.10,-12.87""}"
15,Optimized ,True,413.1514,gaze_sample,"{""target"": ""room-small""}"
15,Optimized ,True,413.2625,gaze_sample,"{""target"": ""room-small""}"
15,Optimized ,True,413.2901,head_tracking,"{""input_type"": ""Controller"",""h"": ""32.38,1.31,-13.13"",""l"": ""32.49,0.98,-12.65"",""r"": ""32.67,1.09,-12.86""}"
15,Optimized ,True,413.3738,gaze_sample,"{""target"": ""room-small""}"
15,Optimized ,True,413.4846,gaze_sample,"{""target"": ""room-small""}"
15,Optimized ,True,413.4987,head_tracking,"{""input_type"": ""Controller"",""h"": ""32.37,1.30,-13.12"",""l"": ""32.38,0.95,-12.60"",""r"": ""32.67,1.09,-12.87""}"
15,Optimized ,True,413.5958,gaze_sample,"{""target"": ""room-small""}"
15,Optimized ,True,413.7082,head_tracking,"{""input_type"": ""Controller"",""h"": ""32.35,1.31,-13.11"",""l"": ""32.36,0.95,-12.55"",""r"": ""32.67,1.09,-12.86""}"
15,Optimized ,True,413.7082,gaze_sample,"{""target"": ""room-small""}"
15,Optimized ,True,413.818,gaze_sample,"{""target"": ""room-small""}"
15,Optimized ,True,413.9153,head_tracking,"{""input_type"": ""Controller"",""h"": ""32.34,1.30,-13.10"",""l"": ""32.33,0.94,-12.53"",""r"": ""32.69,1.07,-12.86""}"
15,Optimized ,True,413.9291,gaze_sample,"{""target"": ""room-small""}"
15,Optimized ,True,414.0406,gaze_sample,"{""target"": ""room-small""}"
15,Optimized ,True,414.1234,head_tracking,"{""input_type"": ""Controller"",""h"": ""32.35,1.31,-13.10"",""l"": ""32.33,1.15,-12.61"",""r"": ""32.68,1.08,-12.86""}"
15,Optimized ,True,414.1512,gaze_sample,"{""target"": ""room-small""}"
15,Optimized ,True,414.2622,gaze_sample,"{""target"": ""room-small""}"
15,Optimized ,True,414.3321,head_tracking,"{""input_type"": ""Controller"",""h"": ""32.34,1.31,-13.11"",""l"": ""32.34,1.26,-12.75"",""r"": ""32.68,1.08,-12.87""}"
15,Optimized ,True,414.3734,gaze_sample,"{""target"": ""room-small""}"
15,Optimized ,True,414.4846,gaze_sample,"{""target"": ""room-small""}"
15,Optimized ,True,414.5402,head_tracking,"{""input_type"": ""Controller"",""h"": ""32.34,1.31,-13.13"",""l"": ""32.37,1.16,-12.67"",""r"": ""32.68,1.09,-12.88""}"
15,Optimized ,True,414.5958,gaze_sample,"{""target"": ""room-small""}"
15,Optimized ,True,414.7069,gaze_sample,"{""target"": ""room-small""}"
15,Optimized ,True,414.7486,head_tracking,"{""input_type"": ""Controller"",""h"": ""32.34,1.31,-13.12"",""l"": ""32.43,1.03,-12.61"",""r"": ""32.67,1.08,-12.86""}"
15,Optimized ,True,414.8182,gaze_sample,"{""target"": ""room-small""}"
15,Optimized ,True,414.929,gaze_sample,"{""target"": ""room-small""}"
15,Optimized ,True,414.9567,head_tracking,"{""input_type"": ""Controller"",""h"": ""32.35,1.31,-13.12"",""l"": ""32.48,1.02,-12.63"",""r"": ""32.63,1.10,-12.86""}"
15,Optimized ,True,415.0398,gaze_sample,"{""target"": ""room-small""}"
15,Optimized ,True,415.1512,gaze_sample,"{""target"": ""room-small""}"
15,Optimized ,True,415.1653,head_tracking,"{""input_type"": ""Controller"",""h"": ""32.35,1.31,-13.12"",""l"": ""32.52,1.03,-12.68"",""r"": ""32.62,1.10,-12.85""}"
15,Optimized ,True,415.2626,gaze_sample,"{""target"": ""room-small""}"
15,Optimized ,True,415.3733,head_tracking,"{""input_type"": ""Controller"",""h"": ""32.35,1.31,-13.13"",""l"": ""32.53,1.06,-12.71"",""r"": ""32.62,1.10,-12.85""}"
15,Optimized ,True,415.3733,gaze_sample,"{""target"": ""room-small""}"
15,Optimized ,True,415.4843,gaze_sample,"{""target"": ""room-small""}"
15,Optimized ,True,415.5818,head_tracking,"{""input_type"": ""Controller"",""h"": ""32.35,1.31,-13.13"",""l"": ""32.51,1.07,-12.68"",""r"": ""32.62,1.11,-12.86""}"
15,Optimized ,True,415.5957,gaze_sample,"{""target"": ""room-small""}"
15,Optimized ,True,415.7068,gaze_sample,"{""target"": ""room-small""}"
15,Optimized ,True,415.79,head_tracking,"{""input_type"": ""Controller"",""h"": ""32.35,1.31,-13.13"",""l"": ""32.51,1.06,-12.66"",""r"": ""32.60,1.11,-12.86""}"
15,Optimized ,True,415.8178,gaze_sample,"{""target"": ""room-small""}"
15,Optimized ,True,415.9289,gaze_sample,"{""target"": ""room-small""}"
15,Optimized ,True,415.9995,head_tracking,"{""input_type"": ""Controller"",""h"": ""32.35,1.31,-13.12"",""l"": ""32.45,1.04,-12.64"",""r"": ""32.63,1.10,-12.87""}"
15,Optimized ,True,416.0399,gaze_sample,"{""target"": ""room-small""}"
15,Optimized ,True,416.1511,gaze_sample,"{""target"": ""room-small""}"
15,Optimized ,True,416.2065,head_tracking,"{""input_type"": ""Controller"",""h"": ""32.36,1.31,-13.13"",""l"": ""32.38,1.01,-12.64"",""r"": ""32.67,1.10,-12.87""}"
15,Optimized ,True,416.2621,gaze_sample,"{""target"": ""room-small""}"
15,Optimized ,True,416.3734,gaze_sample,"{""target"": ""room-small""}"
15,Optimized ,True,416.4149,head_tracking,"{""input_type"": ""Controller"",""h"": ""32.36,1.31,-13.14"",""l"": ""32.37,1.01,-12.66"",""r"": ""32.58,1.08,-12.83""}"
15,Optimized ,True,416.4844,gaze_sample,"{""target"": ""room-small""}"
15,Optimized ,True,416.5954,gaze_sample,"{""target"": ""room-small""}"
15,Optimized ,True,416.6235,head_tracking,"{""input_type"": ""Controller"",""h"": ""32.36,1.31,-13.14"",""l"": ""32.37,1.02,-12.67"",""r"": ""32.52,1.08,-12.84""}"
15,Optimized ,True,416.7067,gaze_sample,"{""target"": ""room-small""}"
15,Optimized ,True,416.8177,gaze_sample,"{""target"": ""room-small""}"
15,Optimized ,True,416.8318,head_tracking,"{""input_type"": ""Controller"",""h"": ""32.36,1.31,-13.14"",""l"": ""32.39,1.02,-12.67"",""r"": ""32.59,1.08,-12.84""}"
15,Optimized ,True,416.9289,gaze_sample,"{""target"": ""room-small""}"
15,Optimized ,True,417.0402,head_tracking,"{""input_type"": ""Controller"",""h"": ""32.36,1.31,-13.14"",""l"": ""32.42,1.03,-12.68"",""r"": ""32.61,1.08,-12.84""}"
15,Optimized ,True,417.0402,gaze_sample,"{""target"": ""room-small""}"
15,Optimized ,True,417.1512,gaze_sample,"{""target"": ""room-small""}"
15,Optimized ,True,417.2481,head_tracking,"{""input_type"": ""Controller"",""h"": ""32.35,1.31,-13.14"",""l"": ""32.45,1.02,-12.67"",""r"": ""32.51,1.05,-12.84""}"
15,Optimized ,True,417.262,gaze_sample,"{""target"": ""room-small""}"
15,Optimized ,True,417.3746,gaze_sample,"{""target"": ""room-small""}"
15,Optimized ,True,417.4572,head_tracking,"{""input_type"": ""Controller"",""h"": ""32.34,1.31,-13.13"",""l"": ""32.46,1.02,-12.67"",""r"": ""32.51,1.05,-12.84""}"
15,Optimized ,True,417.4844,gaze_sample,"{""target"": ""room-small""}"
15,Optimized ,True,417.5956,gaze_sample,"{""target"": ""room-small""}"
15,Optimized ,True,417.6651,head_tracking,"{""input_type"": ""Controller"",""h"": ""32.33,1.31,-13.13"",""l"": ""32.47,1.03,-12.66"",""r"": ""32.49,1.06,-12.85""}"
15,Optimized ,True,417.7068,gaze_sample,"{""target"": ""room-small""}"
15,Optimized ,True,417.8179,gaze_sample,"{""target"": ""room-small""}"
15,Optimized ,True,417.8734,head_tracking,"{""input_type"": ""Controller"",""h"": ""32.33,1.31,-13.13"",""l"": ""32.46,1.04,-12.66"",""r"": ""32.50,1.06,-12.84""}"
15,Optimized ,True,417.9291,gaze_sample,"{""target"": ""room-small""}"
15,Optimized ,True,418.0402,gaze_sample,"{""target"": ""room-small""}"
15,Optimized ,True,418.0818,head_tracking,"{""input_type"": ""Controller"",""h"": ""32.33,1.31,-13.13"",""l"": ""32.47,1.04,-12.66"",""r"": ""32.50,1.06,-12.84""}"
15,Optimized ,True,418.1513,gaze_sample,"{""target"": ""room-small""}"
15,Optimized ,True,418.2623,gaze_sample,"{""target"": ""room-small""}"
15,Optimized ,True,418.2899,head_tracking,"{""input_type"": ""Controller"",""h"": ""32.33,1.31,-13.13"",""l"": ""32.47,1.05,-12.66"",""r"": ""32.50,1.06,-12.85""}"
15,Optimized ,True,418.3733,gaze_sample,"{""target"": ""room-small""}"
15,Optimized ,True,418.4843,gaze_sample,"{""target"": ""room-small""}"
15,Optimized ,True,418.4988,head_tracking,"{""input_type"": ""Controller"",""h"": ""32.33,1.31,-13.13"",""l"": ""32.46,1.04,-12.65"",""r"": ""32.50,1.06,-12.85""}"
15,Optimized ,True,418.5956,gaze_sample,"{""target"": ""room-small""}"
15,Optimized ,True,418.7067,head_tracking,"{""input_type"": ""Controller"",""h"": ""32.33,1.31,-13.14"",""l"": ""32.46,1.05,-12.65"",""r"": ""32.51,1.07,-12.85""}"
15,Optimized ,True,418.7067,gaze_sample,"{""target"": ""room-small""}"
15,Optimized ,True,418.8184,gaze_sample,"{""target"": ""room-small""}"
15,Optimized ,True,418.9147,head_tracking,"{""input_type"": ""Controller"",""h"": ""32.32,1.31,-13.14"",""l"": ""32.43,1.07,-12.65"",""r"": ""32.54,1.08,-12.84""}"
15,Optimized ,True,418.9286,gaze_sample,"{""target"": ""room-small""}"
15,Optimized ,True,419.0403,gaze_sample,"{""target"": ""room-small""}"
15,Optimized ,True,419.1236,head_tracking,"{""input_type"": ""Controller"",""h"": ""32.32,1.32,-13.14"",""l"": ""32.25,1.02,-12.64"",""r"": ""32.52,1.13,-12.82""}"
15,Optimized ,True,419.1513,gaze_sample,"{""target"": ""room-small""}"
15,Optimized ,True,419.2621,gaze_sample,"{""target"": ""room-small""}"
15,Optimized ,True,419.3318,head_tracking,"{""input_type"": ""Controller"",""h"": ""32.32,1.31,-13.13"",""l"": ""32.18,0.97,-12.66"",""r"": ""32.40,1.09,-12.82""}"
15,Optimized ,True,419.3736,gaze_sample,"{""target"": ""room-small""}"
15,Optimized ,True,419.4848,gaze_sample,"{""target"": ""room-small""}"
15,Optimized ,True,419.5402,head_tracking,"{""input_type"": ""Controller"",""h"": ""32.32,1.31,-13.13"",""l"": ""32.21,0.97,-12.66"",""r"": ""32.42,1.16,-12.82""}"
15,Optimized ,True,419.5955,gaze_sample,"{""target"": ""room-small""}"
15,Optimized ,True,419.7067,gaze_sample,"{""target"": ""room-small""}"
15,Optimized ,True,419.7493,head_tracking,"{""input_type"": ""Controller"",""h"": ""32.33,1.31,-13.12"",""l"": ""32.25,1.00,-12.66"",""r"": ""32.47,1.18,-12.80""}"
15,Optimized ,True,419.8174,gaze_sample,"{""target"": ""room-small""}"
15,Optimized ,True,419.9301,gaze_sample,"{""target"": ""room-small""}"
15,Optimized ,True,419.9565,head_tracking,"{""input_type"": ""Controller"",""h"": ""32.33,1.31,-13.12"",""l"": ""32.31,1.03,-12.68"",""r"": ""32.47,1.15,-12.81""}"
15,Optimized ,True,420.0398,gaze_sample,"{""target"": ""room-small""}"
15,Optimized ,True,420.1508,gaze_sample,"{""target"": ""room-small""}"
15,Optimized ,True,420.1647,head_tracking,"{""input_type"": ""Controller"",""h"": ""32.33,1.31,-13.12"",""l"": ""32.32,1.04,-12.67"",""r"": ""32.51,1.16,-12.84""}"
15,Optimized ,True,420.2618,gaze_sample,"{""target"": ""room-small""}"
15,Optimized ,True,420.3731,head_tracking,"{""input_type"": ""Controller"",""h"": ""32.33,1.31,-13.12"",""l"": ""32.36,1.05,-12.67"",""r"": ""32.53,1.15,-12.86""}"
15,Optimized ,True,420.3731,gaze_sample,"{""target"": ""room-small""}"
15,Optimized ,True,420.4853,gaze_sample,"{""target"": ""room-small""}"
15,Optimized ,True,420.5811,head_tracking,"{""input_type"": ""Controller"",""h"": ""32.34,1.31,-13.12"",""l"": ""32.38,1.06,-12.68"",""r"": ""32.54,1.14,-12.86""}"
15,Optimized ,True,420.5951,gaze_sample,"{""target"": ""room-small""}"
15,Optimized ,True,420.7062,gaze_sample,"{""target"": ""room-small""}"
15,Optimized ,True,420.7897,head_tracking,"{""input_type"": ""Controller"",""h"": ""32.34,1.31,-13.12"",""l"": ""32.40,1.07,-12.68"",""r"": ""32.54,1.13,-12.85""}"
15,Optimized ,True,420.8185,gaze_sample,"{""target"": ""room-small""}"
15,Optimized ,True,420.9287,gaze_sample,"{""target"": ""room-small""}"
15,Optimized ,True,420.9986,head_tracking,"{""input_type"": ""Controller"",""h"": ""32.34,1.31,-13.13"",""l"": ""32.41,1.06,-12.68"",""r"": ""32.55,1.13,-12.85""}"
15,Optimized ,True,421.0397,gaze_sample,"{""target"": ""room-small""}"
15,Optimized ,True,421.1508,gaze_sample,"{""target"": ""room-small""}"
15,Optimized ,True,421.2066,head_tracking,"{""input_type"": ""Controller"",""h"": ""32.34,1.31,-13.13"",""l"": ""32.42,1.07,-12.69"",""r"": ""32.55,1.12,-12.85""}"
15,Optimized ,True,421.2627,gaze_sample,"{""target"": ""room-small""}"
15,Optimized ,True,421.3728,gaze_sample,"{""target"": ""room-small""}"
15,Optimized ,True,421.4147,head_tracking,"{""input_type"": ""Controller"",""h"": ""32.34,1.31,-13.13"",""l"": ""32.42,1.06,-12.68"",""r"": ""32.55,1.12,-12.86""}"
15,Optimized ,True,421.4842,gaze_sample,"{""target"": ""room-small""}"
15,Optimized ,True,421.5952,gaze_sample,"{""target"": ""room-small""}"
15,Optimized ,True,421.6233,head_tracking,"{""input_type"": ""Controller"",""h"": ""32.10,1.31,-13.53"",""l"": ""32.17,1.06,-13.08"",""r"": ""32.31,1.12,-13.26""}"
15,Optimized ,True,421.7064,gaze_sample,"{""target"": ""room-small""}"
15,Optimized ,True,421.8176,gaze_sample,"{""target"": ""room-small""}"
15,Optimized ,True,421.8312,head_tracking,"{""input_type"": ""Controller"",""h"": ""31.70,1.31,-13.86"",""l"": ""31.77,1.07,-13.41"",""r"": ""31.91,1.12,-13.58""}"
15,Optimized ,True,421.9286,gaze_sample,"{""target"": ""gate-lasers""}"
15,Optimized ,True,422.04,head_tracking,"{""input_type"": ""Controller"",""h"": ""31.20,1.31,-13.88"",""l"": ""31.27,1.07,-13.44"",""r"": ""31.41,1.11,-13.60""}"
15,Optimized ,True,422.04,gaze_sample,"{""target"": ""gate-lasers""}"
15,Optimized ,True,422.151,gaze_sample,"{""target"": ""gate-lasers""}"
15,Optimized ,True,422.2479,head_tracking,"{""input_type"": ""Controller"",""h"": ""30.74,1.31,-13.64"",""l"": ""30.80,1.07,-13.19"",""r"": ""30.96,1.11,-13.36""}"
15,Optimized ,True,422.2618,gaze_sample,"{""target"": ""lasers""}"
15,Optimized ,True,422.3731,gaze_sample,"{""target"": ""lasers""}"
15,Optimized ,True,422.4562,head_tracking,"{""input_type"": ""Controller"",""h"": ""30.28,1.31,-13.74"",""l"": ""30.34,1.07,-13.30"",""r"": ""30.50,1.11,-13.47""}"
15,Optimized ,True,422.4843,gaze_sample,"{""target"": ""lasers""}"
15,Optimized ,True,422.595,gaze_sample,"{""target"": ""lasers""}"
15,Optimized ,True,422.6648,head_tracking,"{""input_type"": ""Controller"",""h"": ""29.94,1.32,-14.14"",""l"": ""30.00,1.08,-13.69"",""r"": ""30.16,1.11,-13.86""}"
15,Optimized ,True,422.7064,gaze_sample,"{""target"": ""lasers""}"
15,Optimized ,True,422.8182,gaze_sample,"{""target"": ""lasers""}"
15,Optimized ,True,422.8729,head_tracking,"{""input_type"": ""Controller"",""h"": ""29.44,1.32,-14.18"",""l"": ""29.47,1.08,-13.73"",""r"": ""29.66,1.11,-13.90""}"
15,Optimized ,True,422.9287,gaze_sample,"{""target"": ""lasers""}"
15,Optimized ,True,423.0399,gaze_sample,"{""target"": ""lasers""}"
15,Optimized ,True,423.0815,head_tracking,"{""input_type"": ""Controller"",""h"": ""28.91,1.32,-14.18"",""l"": ""28.95,1.08,-13.73"",""r"": ""29.14,1.11,-13.90""}"
15,Optimized ,True,423.1515,gaze_sample,"{""target"": ""lasers""}"
15,Optimized ,True,423.262,gaze_sample,"{""target"": ""lasers""}"
15,Optimized ,True,423.2899,head_tracking,"{""input_type"": ""Controller"",""h"": ""28.60,1.32,-14.57"",""l"": ""28.64,1.08,-14.12"",""r"": ""28.82,1.11,-14.29""}"
15,Optimized ,True,423.373,gaze_sample,"{""target"": ""lasers""}"
15,Optimized ,True,423.4842,gaze_sample,"{""target"": ""lasers""}"
15,Optimized ,True,423.4983,head_tracking,"{""input_type"": ""Controller"",""h"": ""28.46,1.32,-15.08"",""l"": ""28.50,1.08,-14.62"",""r"": ""28.68,1.11,-14.79""}"
15,Optimized ,True,423.5955,gaze_sample,"{""target"": ""lasers""}"
15,Optimized ,True,423.7063,head_tracking,"{""input_type"": ""Controller"",""h"": ""28.27,1.32,-15.57"",""l"": ""28.31,1.08,-15.11"",""r"": ""28.49,1.11,-15.28""}"
15,Optimized ,True,423.7063,gaze_sample,"{""target"": ""lasers""}"
15,Optimized ,True,423.8185,gaze_sample,"{""target"": ""lasers""}"
15,Optimized ,True,423.9147,head_tracking,"{""input_type"": ""Controller"",""h"": ""27.94,1.33,-15.96"",""l"": ""27.98,1.09,-15.50"",""r"": ""28.16,1.11,-15.67""}"
15,Optimized ,True,423.9287,gaze_sample,"{""target"": ""gate-lasers""}"
15,Optimized ,True,424.0399,gaze_sample,"{""target"": ""gate-lasers""}"
15,Optimized ,True,424.1232,head_tracking,"{""input_type"": ""Controller"",""h"": ""27.53,1.32,-16.29"",""l"": ""27.57,1.09,-15.83"",""r"": ""27.75,1.11,-16.00""}"
15,Optimized ,True,424.1509,gaze_sample,"{""target"": ""gate-lasers""}"
15,Optimized ,True,424.262,gaze_sample,"{""target"": ""room-small""}"
15,Optimized ,True,424.3316,head_tracking,"{""input_type"": ""Controller"",""h"": ""27.09,1.32,-16.57"",""l"": ""27.13,1.09,-16.11"",""r"": ""27.31,1.11,-16.28""}"
15,Optimized ,True,424.373,gaze_sample,"{""target"": ""room-small""}"
15,Optimized ,True,424.4841,gaze_sample,"{""target"": ""room-small""}"
15,Optimized ,True,424.5398,head_tracking,"{""input_type"": ""Controller"",""h"": ""26.64,1.32,-16.83"",""l"": ""26.68,1.09,-16.38"",""r"": ""26.87,1.11,-16.55""}"
15,Optimized ,True,424.5966,gaze_sample,"{""target"": ""P_R_H Battery (2)""}"
15,Optimized ,True,424.7066,gaze_sample,"{""target"": ""P_R_H Battery (2)""}"
15,Optimized ,True,424.7484,head_tracking,"{""input_type"": ""Controller"",""h"": ""26.17,1.32,-16.94"",""l"": ""26.22,1.09,-16.49"",""r"": ""26.40,1.11,-16.65""}"
15,Optimized ,True,424.8179,gaze_sample,"{""target"": ""P_R_H Battery (2)""}"
15,Optimized ,True,424.929,gaze_sample,"{""target"": ""P_R_H Battery (2)""}"
15,Optimized ,True,424.9572,head_tracking,"{""input_type"": ""Controller"",""h"": ""26.51,1.33,-16.83"",""l"": ""26.60,1.09,-16.39"",""r"": ""26.74,1.11,-16.54""}"
15,Optimized ,True,425.0401,gaze_sample,"{""target"": ""gate-lasers""}"
15,Optimized ,True,425.1509,gaze_sample,"{""target"": ""lasers""}"
15,Optimized ,True,425.1648,head_tracking,"{""input_type"": ""Controller"",""h"": ""26.87,1.33,-16.80"",""l"": ""26.96,1.10,-16.34"",""r"": ""27.11,1.12,-16.49""}"
15,Optimized ,True,425.2623,gaze_sample,"{""target"": ""lasers""}"
15,Optimized ,True,425.3733,head_tracking,"{""input_type"": ""Controller"",""h"": ""26.88,1.33,-17.21"",""l"": ""26.95,1.11,-16.74"",""r"": ""27.11,1.13,-16.90""}"
15,Optimized ,True,425.3733,gaze_sample,"{""target"": ""gate-lasers""}"
15,Optimized ,True,425.4842,gaze_sample,"{""target"": ""gate-lasers""}"
15,Optimized ,True,425.5813,head_tracking,"{""input_type"": ""Controller"",""h"": ""26.99,1.34,-17.27"",""l"": ""27.06,1.11,-16.79"",""r"": ""27.22,1.12,-16.95""}"
15,Optimized ,True,425.5954,gaze_sample,"{""target"": ""gate-lasers""}"
15,Optimized ,True,425.7068,gaze_sample,"{""target"": ""gate-lasers""}"
15,Optimized ,True,425.7898,head_tracking,"{""input_type"": ""Controller"",""h"": ""27.03,1.34,-17.77"",""l"": ""27.11,1.11,-17.31"",""r"": ""27.26,1.12,-17.46""}"
15,Optimized ,True,425.8174,gaze_sample,"{""target"": ""gate-lasers""}"
15,Optimized ,True,425.9287,gaze_sample,"{""target"": ""gate-lasers""}"
15,Optimized ,True,425.9981,head_tracking,"{""input_type"": ""Controller"",""h"": ""27.34,1.34,-18.01"",""l"": ""27.42,1.11,-17.56"",""r"": ""27.58,1.12,-17.70""}"
15,Optimized ,True,426.0395,gaze_sample,"{""target"": ""gate-lasers""}"
15,Optimized ,True,426.1506,gaze_sample,"{""target"": ""gate-lasers""}"
15,Optimized ,True,426.2061,head_tracking,"{""input_type"": ""Controller"",""h"": ""27.66,1.34,-18.13"",""l"": ""27.73,1.11,-17.67"",""r"": ""27.89,1.12,-17.82""}"
15,Optimized ,True,426.2615,gaze_sample,"{""target"": ""gate-lasers""}"
15,Optimized ,True,426.3726,gaze_sample,"{""target"": ""gate-lasers""}"
15,Optimized ,True,426.4144,head_tracking,"{""input_type"": ""Controller"",""h"": ""27.46,1.34,-18.61"",""l"": ""27.53,1.11,-18.16"",""r"": ""27.69,1.12,-18.30""}"
15,Optimized ,True,426.4838,gaze_sample,"{""target"": ""gate-lasers""}"
15,Optimized ,True,426.5951,gaze_sample,"{""target"": ""gate-lasers""}"
15,Optimized ,True,426.623,head_tracking,"{""input_type"": ""Controller"",""h"": ""27.20,1.34,-19.07"",""l"": ""27.28,1.12,-18.61"",""r"": ""27.44,1.12,-18.76""}"
15,Optimized ,True,426.7062,gaze_sample,"{""target"": ""gate-lasers""}"
15,Optimized ,True,426.8173,gaze_sample,"{""target"": ""gate-lasers""}"
15,Optimized ,True,426.8311,head_tracking,"{""input_type"": ""Controller"",""h"": ""26.95,1.23,-19.52"",""l"": ""27.02,1.02,-19.07"",""r"": ""27.15,1.03,-19.21""}"
15,Optimized ,True,426.9281,gaze_sample,"{""target"": ""gate-lasers""}"
15,Optimized ,True,427.0392,head_tracking,"{""input_type"": ""Controller"",""h"": ""26.74,1.22,-19.70"",""l"": ""26.81,1.00,-19.25"",""r"": ""26.94,1.02,-19.39""}"
15,Optimized ,True,427.0392,gaze_sample,"{""target"": ""gate-lasers""}"
15,Optimized ,True,427.1507,gaze_sample,"{""target"": ""gate-lasers""}"
15,Optimized ,True,427.249,head_tracking,"{""input_type"": ""Controller"",""h"": ""26.78,1.22,-19.70"",""l"": ""26.85,1.00,-19.25"",""r"": ""26.98,1.02,-19.39""}"
15,Optimized ,True,427.2614,gaze_sample,"{""target"": ""gate-lasers""}"
15,Optimized ,True,427.3725,gaze_sample,"{""target"": ""gate-lasers""}"
15,Optimized ,True,427.4558,head_tracking,"{""input_type"": ""Controller"",""h"": ""26.95,1.22,-19.70"",""l"": ""27.02,1.01,-19.25"",""r"": ""27.14,1.02,-19.39""}"
15,Optimized ,True,427.4835,gaze_sample,"{""target"": ""gate-lasers""}"
15,Optimized ,True,427.595,gaze_sample,"{""target"": ""gate-lasers""}"
15,Optimized ,True,427.6646,head_tracking,"{""input_type"": ""Controller"",""h"": ""27.10,1.23,-19.67"",""l"": ""27.16,1.00,-19.21"",""r"": ""27.23,1.04,-19.37""}"
15,Optimized ,True,427.706,gaze_sample,"{""target"": ""gate-lasers""}"
15,Optimized ,True,427.817,gaze_sample,"{""target"": ""room-small""}"
15,Optimized ,True,427.8727,head_tracking,"{""input_type"": ""Controller"",""h"": ""27.12,1.22,-19.66"",""l"": ""27.18,1.00,-19.21"",""r"": ""27.24,1.07,-19.39""}"
15,Optimized ,True,427.9285,gaze_sample,"{""target"": ""room-small""}"
15,Optimized ,True,428.0395,gaze_sample,"{""target"": ""room-small""}"
15,Optimized ,True,428.081,head_tracking,"{""input_type"": ""Controller"",""h"": ""26.76,1.22,-19.73"",""l"": ""26.83,1.00,-19.27"",""r"": ""26.91,1.11,-19.46""}"
15,Optimized ,True,428.1502,gaze_sample,"{""target"": ""P_R_H Battery (1)""}"
15,Optimized ,True,428.2614,gaze_sample,"{""target"": ""P_R_H Battery (1)""}"
15,Optimized ,True,428.2891,head_tracking,"{""input_type"": ""Controller"",""h"": ""26.32,1.22,-19.73"",""l"": ""26.41,1.00,-19.28"",""r"": ""26.44,1.11,-19.46""}"
15,Optimized ,True,428.3724,gaze_sample,"{""target"": ""P_R_H Battery (2)""}"
15,Optimized ,True,428.4835,gaze_sample,"{""target"": ""room-small""}"
15,Optimized ,True,428.4976,head_tracking,"{""input_type"": ""Controller"",""h"": ""25.90,1.22,-19.70"",""l"": ""25.99,0.99,-19.25"",""r"": ""26.00,1.10,-19.43""}"
15,Optimized ,True,428.595,gaze_sample,"{""target"": ""Sci-fi platform-fbx (4)""}"
15,Optimized ,True,428.7057,head_tracking,"{""input_type"": ""Controller"",""h"": ""25.67,1.21,-19.67"",""l"": ""25.77,0.98,-19.22"",""r"": ""25.78,1.08,-19.37""}"
15,Optimized ,True,428.7057,gaze_sample,"{""target"": ""Sci-fi platform-fbx (4)""}"
15,Optimized ,True,428.817,gaze_sample,"{""target"": ""room-small""}"
15,Optimized ,True,428.9142,head_tracking,"{""input_type"": ""Controller"",""h"": ""25.67,1.22,-19.67"",""l"": ""25.76,0.97,-19.22"",""r"": ""25.76,1.09,-19.36""}"
15,Optimized ,True,428.9282,gaze_sample,"{""target"": ""room-small""}"
15,Optimized ,True,429.0399,gaze_sample,"{""target"": ""room-small""}"
15,Optimized ,True,429.1227,head_tracking,"{""input_type"": ""Controller"",""h"": ""25.67,1.21,-19.67"",""l"": ""25.76,0.98,-19.22"",""r"": ""25.74,1.09,-19.37""}"
15,Optimized ,True,429.1505,gaze_sample,"{""target"": ""room-small""}"
15,Optimized ,True,429.2612,gaze_sample,"{""target"": ""room-small""}"
15,Optimized ,True,429.3306,head_tracking,"{""input_type"": ""Controller"",""h"": ""25.67,1.22,-19.67"",""l"": ""25.75,0.98,-19.21"",""r"": ""25.73,1.08,-19.36""}"
15,Optimized ,True,429.3723,gaze_sample,"{""target"": ""room-small""}"
15,Optimized ,True,429.4836,gaze_sample,"{""target"": ""room-small""}"
15,Optimized ,True,429.5396,head_tracking,"{""input_type"": ""Controller"",""h"": ""25.66,1.22,-19.67"",""l"": ""25.74,0.97,-19.21"",""r"": ""25.72,1.08,-19.36""}"
15,Optimized ,True,429.5948,gaze_sample,"{""target"": ""P_R_H Battery (2)""}"
15,Optimized ,True,429.7059,gaze_sample,"{""target"": ""P_R_H Battery (2)""}"
15,Optimized ,True,429.7477,head_tracking,"{""input_type"": ""Controller"",""h"": ""25.66,1.22,-19.67"",""l"": ""25.74,0.97,-19.20"",""r"": ""25.73,1.08,-19.36""}"
15,Optimized ,True,429.8171,gaze_sample,"{""target"": ""P_R_H Battery (2)""}"
15,Optimized ,True,429.9283,gaze_sample,"{""target"": ""P_R_H Battery (2)""}"
15,Optimized ,True,429.956,head_tracking,"{""input_type"": ""Controller"",""h"": ""25.67,1.22,-19.67"",""l"": ""25.74,0.97,-19.20"",""r"": ""25.73,1.09,-19.36""}"
15,Optimized ,True,430.0394,gaze_sample,"{""target"": ""P_R_H Battery (2)""}"
15,Optimized ,True,430.1503,gaze_sample,"{""target"": ""P_R_H Battery (2)""}"
15,Optimized ,True,430.1642,head_tracking,"{""input_type"": ""Controller"",""h"": ""25.67,1.22,-19.67"",""l"": ""25.74,0.97,-19.21"",""r"": ""25.73,1.09,-19.37""}"
15,Optimized ,True,430.2613,gaze_sample,"{""target"": ""P_R_H Battery (2)""}"
15,Optimized ,True,430.372,head_tracking,"{""input_type"": ""Controller"",""h"": ""25.67,1.22,-19.68"",""l"": ""25.75,0.97,-19.21"",""r"": ""25.75,1.10,-19.37""}"
15,Optimized ,True,430.372,gaze_sample,"{""target"": ""P_R_H Battery (1)""}"
15,Optimized ,True,430.4833,gaze_sample,"{""target"": ""P_R_H Battery (1)""}"
15,Optimized ,True,430.5808,head_tracking,"{""input_type"": ""Controller"",""h"": ""25.68,1.22,-19.68"",""l"": ""25.76,0.97,-19.22"",""r"": ""25.77,1.11,-19.39""}"
15,Optimized ,True,430.5945,gaze_sample,"{""target"": ""P_R_H Battery (1)""}"
15,Optimized ,True,430.7057,gaze_sample,"{""target"": ""P_R_H Battery (1)""}"
15,Optimized ,True,430.7892,head_tracking,"{""input_type"": ""Controller"",""h"": ""25.69,1.22,-19.68"",""l"": ""25.78,0.98,-19.24"",""r"": ""25.78,1.11,-19.40""}"
15,Optimized ,True,430.8169,gaze_sample,"{""target"": ""P_R_H Battery (1)""}"
15,Optimized ,True,430.9279,gaze_sample,"{""target"": ""P_R_H Battery (1)""}"
15,Optimized ,True,430.9973,head_tracking,"{""input_type"": ""Controller"",""h"": ""25.70,1.22,-19.67"",""l"": ""25.81,0.98,-19.25"",""r"": ""25.80,1.11,-19.40""}"
15,Optimized ,True,431.0393,gaze_sample,"{""target"": ""P_R_H Battery (1)""}"
15,Optimized ,True,431.1501,gaze_sample,"{""target"": ""P_R_H Battery (1)""}"
15,Optimized ,True,431.2055,head_tracking,"{""input_type"": ""Controller"",""h"": ""26.18,1.22,-19.59"",""l"": ""26.27,0.97,-19.16"",""r"": ""26.27,1.10,-19.31""}"
15,Optimized ,True,431.2612,gaze_sample,"{""target"": ""room-small""}"
15,Optimized ,True,431.372,gaze_sample,"{""target"": ""room-small""}"
15,Optimized ,True,431.4137,head_tracking,"{""input_type"": ""Controller"",""h"": ""26.65,1.21,-19.41"",""l"": ""26.74,0.97,-18.98"",""r"": ""26.75,1.08,-19.13""}"
15,Optimized ,True,431.4833,gaze_sample,"{""target"": ""room-small""}"
15,Optimized ,True,431.5943,gaze_sample,"{""target"": ""room-small""}"
15,Optimized ,True,431.6222,head_tracking,"{""input_type"": ""Controller"",""h"": ""27.13,1.33,-19.23"",""l"": ""27.23,1.09,-18.79"",""r"": ""27.24,1.20,-18.95""}"
15,Optimized ,True,431.7056,gaze_sample,"{""target"": ""room-small""}"
15,Optimized ,True,431.8168,gaze_sample,"{""target"": ""room-small""}"
15,Optimized ,True,431.8309,head_tracking,"{""input_type"": ""Controller"",""h"": ""27.61,1.33,-19.02"",""l"": ""27.71,1.09,-18.59"",""r"": ""27.72,1.20,-18.74""}"
15,Optimized ,True,431.9279,gaze_sample,"{""target"": ""room-small""}"
15,Optimized ,True,432.0394,head_tracking,"{""input_type"": ""Controller"",""h"": ""28.05,1.34,-18.86"",""l"": ""28.14,1.09,-18.42"",""r"": ""28.16,1.20,-18.58""}"
15,Optimized ,True,432.0394,gaze_sample,"{""target"": ""room-small""}"
15,Optimized ,True,432.1499,gaze_sample,"{""target"": ""room-small""}"
15,Optimized ,True,432.2472,head_tracking,"{""input_type"": ""Controller"",""h"": ""28.04,1.34,-18.86"",""l"": ""28.14,1.09,-18.42"",""r"": ""28.16,1.20,-18.58""}"
15,Optimized ,True,432.2611,gaze_sample,"{""target"": ""room-small""}"
15,Optimized ,True,432.3722,gaze_sample,"{""target"": ""room-small""}"
15,Optimized ,True,432.4556,head_tracking,"{""input_type"": ""Controller"",""h"": ""28.29,1.34,-18.77"",""l"": ""28.39,1.09,-18.34"",""r"": ""28.41,1.20,-18.49""}"
15,Optimized ,True,432.4831,gaze_sample,"{""target"": ""room-small""}"
15,Optimized ,True,432.5944,gaze_sample,"{""target"": ""room-small""}"
15,Optimized ,True,432.6642,head_tracking,"{""input_type"": ""Controller"",""h"": ""28.66,1.34,-18.62"",""l"": ""28.76,1.09,-18.18"",""r"": ""28.79,1.20,-18.34""}"
15,Optimized ,True,432.7054,gaze_sample,"{""target"": ""room-small""}"
15,Optimized ,True,432.8167,gaze_sample,"{""target"": ""room-small""}"
15,Optimized ,True,432.8722,head_tracking,"{""input_type"": ""Controller"",""h"": ""28.44,1.34,-18.74"",""l"": ""28.54,1.09,-18.30"",""r"": ""28.57,1.20,-18.46""}"
15,Optimized ,True,432.9281,gaze_sample,"{""target"": ""room-small""}"
15,Optimized ,True,433.039,gaze_sample,"{""target"": ""room-small""}"
15,Optimized ,True,433.0807,head_tracking,"{""input_type"": ""Controller"",""h"": ""27.98,1.34,-18.97"",""l"": ""28.08,1.09,-18.53"",""r"": ""28.11,1.19,-18.69""}"
15,Optimized ,True,433.1498,gaze_sample,"{""target"": ""room-small""}"
15,Optimized ,True,433.261,gaze_sample,"{""target"": ""room-small""}"
15,Optimized ,True,433.2885,head_tracking,"{""input_type"": ""Controller"",""h"": ""27.50,1.34,-19.14"",""l"": ""27.59,1.09,-18.71"",""r"": ""27.63,1.19,-18.87""}"
15,Optimized ,True,433.372,gaze_sample,"{""target"": ""room-small""}"
15,Optimized ,True,433.4832,gaze_sample,"{""target"": ""gate-lasers""}"
15,Optimized ,True,433.497,head_tracking,"{""input_type"": ""Controller"",""h"": ""27.00,1.32,-19.25"",""l"": ""27.09,1.08,-18.81"",""r"": ""27.12,1.18,-18.97""}"
15,Optimized ,True,433.5943,gaze_sample,"{""target"": ""gate-lasers""}"
15,Optimized ,True,433.7055,head_tracking,"{""input_type"": ""Controller"",""h"": ""26.93,1.30,-19.27"",""l"": ""27.02,1.07,-18.83"",""r"": ""27.06,1.16,-18.99""}"
15,Optimized ,True,433.7055,gaze_sample,"{""target"": ""gate-lasers""}"
15,Optimized ,True,433.8166,gaze_sample,"{""target"": ""gate-lasers""}"
15,Optimized ,True,433.9137,head_tracking,"{""input_type"": ""Controller"",""h"": ""26.93,1.30,-19.27"",""l"": ""27.02,1.06,-18.83"",""r"": ""27.07,1.16,-18.99""}"
15,Optimized ,True,433.9276,gaze_sample,"{""target"": ""gate-lasers""}"
15,Optimized ,True,434.039,gaze_sample,"{""target"": ""gate-lasers""}"
15,Optimized ,True,434.1219,head_tracking,"{""input_type"": ""Controller"",""h"": ""26.94,1.30,-19.27"",""l"": ""27.01,1.07,-18.83"",""r"": ""27.08,1.16,-18.99""}"
15,Optimized ,True,434.1498,gaze_sample,"{""target"": ""room-small""}"
15,Optimized ,True,434.2609,gaze_sample,"{""target"": ""room-small""}"
15,Optimized ,True,434.3301,head_tracking,"{""input_type"": ""Controller"",""h"": ""26.95,1.31,-19.29"",""l"": ""27.03,1.07,-18.84"",""r"": ""27.09,1.16,-18.99""}"
15,Optimized ,True,434.3719,gaze_sample,"{""target"": ""room-small""}"
15,Optimized ,True,434.4827,gaze_sample,"{""target"": ""room-small""}"
15,Optimized ,True,434.5385,head_tracking,"{""input_type"": ""Controller"",""h"": ""26.95,1.31,-19.29"",""l"": ""27.03,1.07,-18.84"",""r"": ""27.10,1.15,-19.00""}"
15,Optimized ,True,434.5941,gaze_sample,"{""target"": ""room-small""}"
15,Optimized ,True,434.7053,gaze_sample,"{""target"": ""room-small""}"
15,Optimized ,True,434.7468,head_tracking,"{""input_type"": ""Controller"",""h"": ""26.95,1.31,-19.29"",""l"": ""27.03,1.07,-18.84"",""r"": ""27.11,1.15,-19.01""}"
15,Optimized ,True,434.8163,gaze_sample,"{""target"": ""room-small""}"
15,Optimized ,True,434.9272,gaze_sample,"{""target"": ""room-small""}"
15,Optimized ,True,434.9562,head_tracking,"{""input_type"": ""Controller"",""h"": ""26.95,1.31,-19.29"",""l"": ""27.02,1.08,-18.84"",""r"": ""27.10,1.15,-18.99""}"
15,Optimized ,True,435.0385,gaze_sample,"{""target"": ""room-small""}"
15,Optimized ,True,435.1496,gaze_sample,"{""target"": ""room-small""}"
15,Optimized ,True,435.1634,head_tracking,"{""input_type"": ""Controller"",""h"": ""26.94,1.31,-19.28"",""l"": ""27.03,1.08,-18.84"",""r"": ""27.09,1.16,-18.99""}"
15,Optimized ,True,435.2608,gaze_sample,"{""target"": ""room-small""}"
15,Optimized ,True,435.3719,head_tracking,"{""input_type"": ""Controller"",""h"": ""26.94,1.32,-19.27"",""l"": ""27.06,1.08,-18.84"",""r"": ""27.08,1.16,-18.99""}"
15,Optimized ,True,435.3719,gaze_sample,"{""target"": ""room-small""}"
15,Optimized ,True,435.4828,gaze_sample,"{""target"": ""room-small""}"
15,Optimized ,True,435.5806,head_tracking,"{""input_type"": ""Controller"",""h"": ""26.92,1.32,-19.25"",""l"": ""27.06,1.09,-18.84"",""r"": ""27.07,1.16,-18.97""}"
15,Optimized ,True,435.5953,gaze_sample,"{""target"": ""room-small""}"
15,Optimized ,True,435.7052,gaze_sample,"{""target"": ""room-small""}"
15,Optimized ,True,435.7887,head_tracking,"{""input_type"": ""Controller"",""h"": ""26.91,1.31,-19.24"",""l"": ""27.05,1.09,-18.84"",""r"": ""27.06,1.16,-18.96""}"
15,Optimized ,True,435.8165,gaze_sample,"{""target"": ""room-small""}"
15,Optimized ,True,435.9272,gaze_sample,"{""target"": ""room-small""}"
15,Optimized ,True,435.9968,head_tracking,"{""input_type"": ""Controller"",""h"": ""26.91,1.31,-19.24"",""l"": ""27.06,1.09,-18.84"",""r"": ""27.07,1.16,-18.96""}"
15,Optimized ,True,436.0397,gaze_sample,"{""target"": ""room-small""}"
15,Optimized ,True,436.1494,gaze_sample,"{""target"": ""gate-lasers""}"
15,Optimized ,True,436.2052,head_tracking,"{""input_type"": ""Controller"",""h"": ""26.92,1.32,-19.24"",""l"": ""27.05,1.09,-18.83"",""r"": ""27.08,1.16,-18.97""}"
15,Optimized ,True,436.2607,gaze_sample,"{""target"": ""lasers""}"
15,Optimized ,True,436.3718,gaze_sample,"{""target"": ""lasers""}"
15,Optimized ,True,436.4136,head_tracking,"{""input_type"": ""Controller"",""h"": ""26.92,1.31,-19.24"",""l"": ""27.05,1.07,-18.83"",""r"": ""27.09,1.15,-18.97""}"
15,Optimized ,True,436.483,gaze_sample,"{""target"": ""lasers""}"
15,Optimized ,True,436.5942,gaze_sample,"{""target"": ""lasers""}"
15,Optimized ,True,436.6217,head_tracking,"{""input_type"": ""Controller"",""h"": ""26.69,1.22,-19.44"",""l"": ""26.80,0.98,-19.02"",""r"": ""26.86,1.06,-19.16""}"
15,Optimized ,True,436.7054,gaze_sample,"{""target"": ""lasers""}"
15,Optimized ,True,436.8163,gaze_sample,"{""target"": ""lasers""}"
15,Optimized ,True,436.83,head_tracking,"{""input_type"": ""Controller"",""h"": ""26.23,1.23,-19.70"",""l"": ""26.34,0.99,-19.28"",""r"": ""26.40,1.07,-19.42""}"
15,Optimized ,True,436.9273,gaze_sample,"{""target"": ""P_R_H Battery (1)""}"
15,Optimized ,True,437.0385,head_tracking,"{""input_type"": ""Controller"",""h"": ""25.78,1.23,-19.70"",""l"": ""25.88,0.99,-19.27"",""r"": ""25.94,1.07,-19.41""}"
15,Optimized ,True,437.0385,gaze_sample,"{""target"": ""P_R_H Battery (1)""}"
15,Optimized ,True,437.1496,gaze_sample,"{""target"": ""P_R_H Battery (1)""}"
15,Optimized ,True,437.2472,head_tracking,"{""input_type"": ""Controller"",""h"": ""25.39,1.23,-19.58"",""l"": ""25.50,0.97,-19.14"",""r"": ""25.54,1.07,-19.29""}"
15,Optimized ,True,437.2608,gaze_sample,"{""target"": ""P_R_H Battery (1)""}"
15,Optimized ,True,437.3716,gaze_sample,"{""target"": ""P_R_H Battery (2)""}"
15,Optimized ,True,437.4551,head_tracking,"{""input_type"": ""Controller"",""h"": ""25.31,1.22,-19.55"",""l"": ""25.41,0.95,-19.11"",""r"": ""25.43,1.06,-19.24""}"
15,Optimized ,True,437.4828,gaze_sample,"{""target"": ""P_R_H Battery (2)""}"
15,Optimized ,True,437.5941,gaze_sample,"{""target"": ""P_R_H Battery (2)""}"
15,Optimized ,True,437.6635,head_tracking,"{""input_type"": ""Controller"",""h"": ""25.31,1.22,-19.55"",""l"": ""25.42,0.95,-19.11"",""r"": ""25.39,1.05,-19.22""}"
15,Optimized ,True,437.7053,gaze_sample,"{""target"": ""P_R_H Battery (2)""}"
15,Optimized ,True,437.8167,gaze_sample,"{""target"": ""P_R_H Battery (2)""}"
15,Optimized ,True,437.8717,head_tracking,"{""input_type"": ""Controller"",""h"": ""25.30,1.22,-19.55"",""l"": ""25.42,0.94,-19.11"",""r"": ""25.38,1.04,-19.20""}"
15,Optimized ,True,437.9272,gaze_sample,"{""target"": ""P_R_H Battery (2)""}"
15,Optimized ,True,438.0382,gaze_sample,"{""target"": ""P_R_H Battery (2)""}"
15,Optimized ,True,438.0803,head_tracking,"{""input_type"": ""Controller"",""h"": ""25.30,1.22,-19.54"",""l"": ""25.42,0.94,-19.11"",""r"": ""25.38,1.04,-19.18""}"
15,Optimized ,True,438.1496,gaze_sample,"{""target"": ""P_R_H Battery (2)""}"
15,Optimized ,True,438.261,gaze_sample,"{""target"": ""P_R_H Battery (2)""}"
15,Optimized ,True,438.2882,head_tracking,"{""input_type"": ""Controller"",""h"": ""25.30,1.22,-19.54"",""l"": ""25.42,0.94,-19.11"",""r"": ""25.38,1.05,-19.18""}"
15,Optimized ,True,438.3719,gaze_sample,"{""target"": ""P_R_H Battery (2)""}"
15,Optimized ,True,438.4829,gaze_sample,"{""target"": ""P_R_H Battery (2)""}"
15,Optimized ,True,438.4969,head_tracking,"{""input_type"": ""Controller"",""h"": ""25.30,1.22,-19.54"",""l"": ""25.42,0.94,-19.11"",""r"": ""25.38,1.06,-19.18""}"
15,Optimized ,True,438.5939,gaze_sample,"{""target"": ""P_R_H Battery (2)""}"
15,Optimized ,True,438.7054,head_tracking,"{""input_type"": ""Controller"",""h"": ""25.30,1.22,-19.54"",""l"": ""25.42,0.94,-19.11"",""r"": ""25.38,1.05,-19.19""}"
15,Optimized ,True,438.7054,gaze_sample,"{""target"": ""P_R_H Battery (2)""}"
15,Optimized ,True,438.8163,gaze_sample,"{""target"": ""P_R_H Battery (2)""}"
15,Optimized ,True,438.9134,head_tracking,"{""input_type"": ""Controller"",""h"": ""25.30,1.22,-19.54"",""l"": ""25.42,0.94,-19.11"",""r"": ""25.39,1.04,-19.18""}"
15,Optimized ,True,438.9273,gaze_sample,"{""target"": ""P_R_H Battery (2)""}"
15,Optimized ,True,439.0385,gaze_sample,"{""target"": ""P_R_H Battery (2)""}"
15,Optimized ,True,439.1215,head_tracking,"{""input_type"": ""Controller"",""h"": ""25.30,1.22,-19.54"",""l"": ""25.42,0.94,-19.11"",""r"": ""25.39,1.04,-19.18""}"
15,Optimized ,True,439.1495,gaze_sample,"{""target"": ""P_R_H Battery (2)""}"
15,Optimized ,True,439.2604,gaze_sample,"{""target"": ""P_R_H Battery (2)""}"
15,Optimized ,True,439.3303,head_tracking,"{""input_type"": ""Controller"",""h"": ""25.30,1.22,-19.54"",""l"": ""25.42,0.94,-19.11"",""r"": ""25.39,1.03,-19.18""}"
15,Optimized ,True,439.3716,gaze_sample,"{""target"": ""P_R_H Battery (2)""}"
15,Optimized ,True,439.4828,gaze_sample,"{""target"": ""P_R_H Battery (2)""}"
15,Optimized ,True,439.5391,head_tracking,"{""input_type"": ""Controller"",""h"": ""25.30,1.22,-19.55"",""l"": ""25.42,0.94,-19.11"",""r"": ""25.39,1.04,-19.18""}"
15,Optimized ,True,439.5939,gaze_sample,"{""target"": ""P_R_H Battery (2)""}"
15,Optimized ,True,439.705,gaze_sample,"{""target"": ""P_R_H Battery (2)""}"
15,Optimized ,True,439.7469,head_tracking,"{""input_type"": ""Controller"",""h"": ""25.30,1.22,-19.55"",""l"": ""25.42,0.93,-19.11"",""r"": ""25.39,1.03,-19.17""}"
15,Optimized ,True,439.8162,gaze_sample,"{""target"": ""P_R_H Battery (2)""}"
15,Optimized ,True,439.9272,gaze_sample,"{""target"": ""P_R_H Battery (2)""}"
15,Optimized ,True,439.9551,head_tracking,"{""input_type"": ""Controller"",""h"": ""25.30,1.22,-19.54"",""l"": ""25.42,0.93,-19.11"",""r"": ""25.39,1.03,-19.17""}"
15,Optimized ,True,440.0384,gaze_sample,"{""target"": ""P_R_H Battery (2)""}"
15,Optimized ,True,440.1495,gaze_sample,"{""target"": ""P_R_H Battery (2)""}"
15,Optimized ,True,440.1632,head_tracking,"{""input_type"": ""Controller"",""h"": ""25.30,1.22,-19.54"",""l"": ""25.42,0.93,-19.11"",""r"": ""25.40,1.02,-19.16""}"
15,Optimized ,True,440.2621,gaze_sample,"{""target"": ""P_R_H Battery (2)""}"
15,Optimized ,True,440.3716,head_tracking,"{""input_type"": ""Controller"",""h"": ""25.30,1.22,-19.54"",""l"": ""25.42,0.93,-19.11"",""r"": ""25.40,1.02,-19.16""}"
15,Optimized ,True,440.3716,gaze_sample,"{""target"": ""P_R_H Battery (2)""}"
15,Optimized ,True,440.4826,gaze_sample,"{""target"": ""P_R_H Battery (2)""}"
15,Optimized ,True,440.5798,head_tracking,"{""input_type"": ""Controller"",""h"": ""25.30,1.22,-19.54"",""l"": ""25.42,0.93,-19.11"",""r"": ""25.42,1.06,-19.16""}"
15,Optimized ,True,440.5939,gaze_sample,"{""target"": ""P_R_H Battery (2)""}"
15,Optimized ,True,440.7048,gaze_sample,"{""target"": ""P_R_H Battery (2)""}"
15,Optimized ,True,440.7881,head_tracking,"{""input_type"": ""Controller"",""h"": ""25.30,1.22,-19.54"",""l"": ""25.42,0.93,-19.11"",""r"": ""25.41,1.02,-19.17""}"
15,Optimized ,True,440.816,gaze_sample,"{""target"": ""P_R_H Battery (2)""}"
15,Optimized ,True,440.9268,gaze_sample,"{""target"": ""P_R_H Battery (2)""}"
15,Optimized ,True,440.9964,head_tracking,"{""input_type"": ""Controller"",""h"": ""24.88,1.33,-15.94"",""l"": ""24.93,1.04,-15.49"",""r"": ""24.93,1.14,-15.54""}"
15,Optimized ,True,441.038,gaze_sample,"{""target"": ""Sci-fi platform-fbx (4)""}"
15,Optimized ,True,441.1495,gaze_sample,"{""target"": ""Sci-fi platform-fbx (4)""}"
15,Optimized ,True,441.2051,head_tracking,"{""input_type"": ""Controller"",""h"": ""24.89,1.33,-15.93"",""l"": ""24.93,1.04,-15.48"",""r"": ""24.92,1.14,-15.54""}"
15,Optimized ,True,441.2609,gaze_sample,"{""target"": ""Sci-fi platform-fbx (4)""}"
15,Optimized ,True,441.3718,gaze_sample,"{""target"": ""Sci-fi platform-fbx (4)""}"
15,Optimized ,True,441.4136,head_tracking,"{""input_type"": ""Controller"",""h"": ""24.89,1.33,-15.93"",""l"": ""24.93,1.04,-15.48"",""r"": ""24.93,1.14,-15.54""}"
15,Optimized ,True,441.4829,gaze_sample,"{""target"": ""Sci-fi platform-fbx (4)""}"
15,Optimized ,True,441.5939,gaze_sample,"{""target"": ""Sci-fi platform-fbx (4)""}"
15,Optimized ,True,441.6219,head_tracking,"{""input_type"": ""Controller"",""h"": ""24.89,1.33,-15.94"",""l"": ""24.93,1.04,-15.48"",""r"": ""24.94,1.16,-15.54""}"
15,Optimized ,True,441.7052,gaze_sample,"{""target"": ""Sci-fi platform-fbx (4)""}"
15,Optimized ,True,441.8164,gaze_sample,"{""target"": ""Sci-fi platform-fbx (4)""}"
15,Optimized ,True,441.8308,head_tracking,"{""input_type"": ""Controller"",""h"": ""24.89,1.33,-15.94"",""l"": ""24.93,1.04,-15.48"",""r"": ""24.96,1.16,-15.54""}"
15,Optimized ,True,441.9273,gaze_sample,"{""target"": ""Sci-fi platform-fbx (4)""}"
15,Optimized ,True,442.0387,head_tracking,"{""input_type"": ""Controller"",""h"": ""24.89,1.33,-15.94"",""l"": ""24.92,1.05,-15.48"",""r"": ""24.98,1.17,-15.55""}"
15,Optimized ,True,442.0387,gaze_sample,"{""target"": ""Sci-fi platform-fbx (4)""}"
15,Optimized ,True,442.1497,gaze_sample,"{""target"": ""Sci-fi platform-fbx (4)""}"
15,Optimized ,True,442.2468,head_tracking,"{""input_type"": ""Controller"",""h"": ""24.89,1.33,-15.94"",""l"": ""24.92,1.05,-15.48"",""r"": ""25.01,1.18,-15.58""}"
15,Optimized ,True,442.261,gaze_sample,"{""target"": ""Sci-fi platform-fbx (4)""}"
15,Optimized ,True,442.3722,gaze_sample,"{""target"": ""Sci-fi platform-fbx (4)""}"
15,Optimized ,True,442.4557,head_tracking,"{""input_type"": ""Controller"",""h"": ""24.90,1.33,-15.94"",""l"": ""24.92,1.05,-15.48"",""r"": ""25.03,1.16,-15.60""}"
15,Optimized ,True,442.4832,gaze_sample,"{""target"": ""Sci-fi platform-fbx (4)""}"
15,Optimized ,True,442.5956,gaze_sample,"{""target"": ""Sci-fi platform-fbx (4)""}"
15,Optimized ,True,442.6635,head_tracking,"{""input_type"": ""Controller"",""h"": ""24.90,1.33,-15.94"",""l"": ""24.89,1.03,-15.47"",""r"": ""25.02,1.14,-15.60""}"
15,Optimized ,True,442.7051,gaze_sample,"{""target"": ""Sci-fi platform-fbx (4)""}"
15,Optimized ,True,442.8163,gaze_sample,"{""target"": ""Sci-fi platform-fbx (4)""}"
15,Optimized ,True,442.8727,head_tracking,"{""input_type"": ""Controller"",""h"": ""24.90,1.33,-15.93"",""l"": ""24.89,1.04,-15.48"",""r"": ""25.02,1.14,-15.60""}"
15,Optimized ,True,442.9273,gaze_sample,"{""target"": ""Sci-fi platform-fbx (4)""}"
15,Optimized ,True,443.0385,gaze_sample,"{""target"": ""Sci-fi platform-fbx (4)""}"
15,Optimized ,True,443.08,head_tracking,"{""input_type"": ""Controller"",""h"": ""24.90,1.33,-15.93"",""l"": ""24.90,1.04,-15.48"",""r"": ""25.04,1.14,-15.61""}"
15,Optimized ,True,443.1496,gaze_sample,"{""target"": ""Sci-fi platform-fbx (4)""}"
15,Optimized ,True,443.2605,gaze_sample,"{""target"": ""Sci-fi platform-fbx (4)""}"
15,Optimized ,True,443.2886,head_tracking,"{""input_type"": ""Controller"",""h"": ""24.91,1.33,-15.94"",""l"": ""24.92,1.05,-15.49"",""r"": ""25.07,1.13,-15.61""}"
15,Optimized ,True,443.3719,gaze_sample,"{""target"": ""room-small""}"
15,Optimized ,True,443.483,gaze_sample,"{""target"": ""room-small""}"
15,Optimized ,True,443.4978,head_tracking,"{""input_type"": ""Controller"",""h"": ""25.22,1.33,-15.83"",""l"": ""25.23,1.05,-15.39"",""r"": ""25.41,1.12,-15.50""}"
15,Optimized ,True,443.5941,gaze_sample,"{""target"": ""gate-lasers""}"
15,Optimized ,True,443.7051,head_tracking,"{""input_type"": ""Controller"",""h"": ""25.73,1.33,-15.76"",""l"": ""25.74,1.05,-15.31"",""r"": ""25.95,1.11,-15.42""}"
15,Optimized ,True,443.7051,gaze_sample,"{""target"": ""gate-lasers""}"
15,Optimized ,True,443.8163,gaze_sample,"{""target"": ""lasers""}"
15,Optimized ,True,443.9132,head_tracking,"{""input_type"": ""Controller"",""h"": ""26.26,1.33,-15.73"",""l"": ""26.26,1.05,-15.28"",""r"": ""26.45,1.12,-15.39""}"
15,Optimized ,True,443.9271,gaze_sample,"{""target"": ""lasers""}"
15,Optimized ,True,444.0381,gaze_sample,"{""target"": ""lasers""}"
15,Optimized ,True,444.1215,head_tracking,"{""input_type"": ""Controller"",""h"": ""26.46,1.33,-15.71"",""l"": ""26.46,1.05,-15.25"",""r"": ""26.66,1.11,-15.37""}"
15,Optimized ,True,444.1499,gaze_sample,"{""target"": ""lasers""}"
15,Optimized ,True,444.2604,gaze_sample,"{""target"": ""lasers""}"
15,Optimized ,True,444.3313,head_tracking,"{""input_type"": ""Controller"",""h"": ""26.81,1.33,-15.72"",""l"": ""26.81,1.06,-15.27"",""r"": ""27.01,1.12,-15.38""}"
15,Optimized ,True,444.3718,gaze_sample,"{""target"": ""lasers""}"
15,Optimized ,True,444.4828,gaze_sample,"{""target"": ""lasers""}"
15,Optimized ,True,444.5383,head_tracking,"{""input_type"": ""Controller"",""h"": ""27.29,1.33,-15.59"",""l"": ""27.30,1.06,-15.14"",""r"": ""27.51,1.12,-15.25""}"
15,Optimized ,True,444.5941,gaze_sample,"{""target"": ""lasers""}"
15,Optimized ,True,444.7051,gaze_sample,"{""target"": ""lasers""}"
15,Optimized ,True,444.7469,head_tracking,"{""input_type"": ""Controller"",""h"": ""27.75,1.33,-15.33"",""l"": ""27.76,1.06,-14.88"",""r"": ""27.96,1.11,-15.00""}"
15,Optimized ,True,444.8162,gaze_sample,"{""target"": ""lasers""}"
15,Optimized ,True,444.9275,gaze_sample,"{""target"": ""lasers""}"
15,Optimized ,True,444.9558,head_tracking,"{""input_type"": ""Controller"",""h"": ""28.23,1.33,-15.16"",""l"": ""28.25,1.07,-14.70"",""r"": ""28.46,1.11,-14.82""}"
15,Optimized ,True,445.0386,gaze_sample,"{""target"": ""lasers""}"
15,Optimized ,True,445.1494,gaze_sample,"{""target"": ""lasers""}"
15,Optimized ,True,445.1634,head_tracking,"{""input_type"": ""Controller"",""h"": ""28.74,1.34,-15.05"",""l"": ""28.76,1.07,-14.60"",""r"": ""28.97,1.11,-14.71""}"
15,Optimized ,True,445.2607,gaze_sample,"{""target"": ""lasers""}"
15,Optimized ,True,445.372,head_tracking,"{""input_type"": ""Controller"",""h"": ""29.25,1.34,-14.94"",""l"": ""29.27,1.07,-14.49"",""r"": ""29.48,1.11,-14.60""}"
15,Optimized ,True,445.372,gaze_sample,"{""target"": ""lasers""}"
15,Optimized ,True,445.4831,gaze_sample,"{""target"": ""lasers""}"
15,Optimized ,True,445.5801,head_tracking,"{""input_type"": ""Controller"",""h"": ""29.76,1.34,-14.84"",""l"": ""29.78,1.07,-14.38"",""r"": ""29.98,1.11,-14.50""}"
15,Optimized ,True,445.5941,gaze_sample,"{""target"": ""gate-lasers""}"
15,Optimized ,True,445.7062,gaze_sample,"{""target"": ""gate-lasers""}"
15,Optimized ,True,445.7894,head_tracking,"{""input_type"": ""Controller"",""h"": ""30.27,1.34,-14.73"",""l"": ""30.29,1.07,-14.27"",""r"": ""30.49,1.11,-14.39""}"
15,Optimized ,True,445.8163,gaze_sample,"{""target"": ""room-small""}"
15,Optimized ,True,445.9275,gaze_sample,"{""target"": ""room-small""}"
15,Optimized ,True,445.9972,head_tracking,"{""input_type"": ""Controller"",""h"": ""30.79,1.34,-14.64"",""l"": ""30.80,1.08,-14.18"",""r"": ""31.00,1.11,-14.30""}"
15,Optimized ,True,446.0388,gaze_sample,"{""target"": ""room-small""}"
15,Optimized ,True,446.1498,gaze_sample,"{""target"": ""room-small""}"
15,Optimized ,True,446.2054,head_tracking,"{""input_type"": ""Controller"",""h"": ""30.98,1.34,-14.56"",""l"": ""31.00,1.09,-14.11"",""r"": ""31.19,1.12,-14.22""}"
15,Optimized ,True,446.2609,gaze_sample,"{""target"": ""room-small""}"
15,Optimized ,True,446.3724,gaze_sample,"{""target"": ""room-small""}"
15,Optimized ,True,446.4136,head_tracking,"{""input_type"": ""Controller"",""h"": ""30.95,1.34,-14.60"",""l"": ""30.97,1.08,-14.14"",""r"": ""31.17,1.12,-14.26""}"
15,Optimized ,True,446.4832,gaze_sample,"{""target"": ""room-small""}"
15,Optimized ,True,446.5942,gaze_sample,"{""target"": ""room-small""}"
15,Optimized ,True,446.6219,head_tracking,"{""input_type"": ""Controller"",""h"": ""30.73,1.34,-15.06"",""l"": ""30.76,1.09,-14.61"",""r"": ""30.95,1.12,-14.73""}"
15,Optimized ,True,446.7052,gaze_sample,"{""target"": ""room-small""}"
15,Optimized ,True,446.8163,gaze_sample,"{""target"": ""room-small""}"
15,Optimized ,True,446.8305,head_tracking,"{""input_type"": ""Controller"",""h"": ""30.76,1.34,-15.58"",""l"": ""30.79,1.09,-15.13"",""r"": ""30.98,1.12,-15.25""}"
15,Optimized ,True,446.9274,gaze_sample,"{""target"": ""room-small""}"
15,Optimized ,True,447.0385,head_tracking,"{""input_type"": ""Controller"",""h"": ""30.90,1.35,-16.08"",""l"": ""30.93,1.08,-15.63"",""r"": ""31.12,1.12,-15.74""}"
15,Optimized ,True,447.0385,gaze_sample,"{""target"": ""room-small""}"
15,Optimized ,True,447.1498,gaze_sample,"{""target"": ""room-small""}"
15,Optimized ,True,447.2467,head_tracking,"{""input_type"": ""Controller"",""h"": ""31.04,1.34,-16.57"",""l"": ""31.07,1.08,-16.12"",""r"": ""31.26,1.12,-16.23""}"
15,Optimized ,True,447.2605,gaze_sample,"{""target"": ""room-small""}"
15,Optimized ,True,447.3719,gaze_sample,"{""target"": ""room-small""}"
15,Optimized ,True,447.4549,head_tracking,"{""input_type"": ""Controller"",""h"": ""30.83,1.34,-17.05"",""l"": ""30.86,1.08,-16.59"",""r"": ""31.06,1.11,-16.71""}"
15,Optimized ,True,447.4828,gaze_sample,"{""target"": ""gate-lasers""}"
15,Optimized ,True,447.5941,gaze_sample,"{""target"": ""gate-lasers""}"
15,Optimized ,True,447.6636,head_tracking,"{""input_type"": ""Controller"",""h"": ""30.60,1.34,-17.52"",""l"": ""30.63,1.08,-17.06"",""r"": ""30.82,1.11,-17.18""}"
15,Optimized ,True,447.7052,gaze_sample,"{""target"": ""gate-lasers""}"
15,Optimized ,True,447.8164,gaze_sample,"{""target"": ""gate-lasers""}"
15,Optimized ,True,447.8719,head_tracking,"{""input_type"": ""Controller"",""h"": ""30.35,1.34,-17.98"",""l"": ""30.39,1.08,-17.53"",""r"": ""30.58,1.12,-17.64""}"
15,Optimized ,True,447.9284,gaze_sample,"{""target"": ""lasers""}"
15,Optimized ,True,448.0383,gaze_sample,"{""target"": ""lasers""}"
15,Optimized ,True,448.0799,head_tracking,"{""input_type"": ""Controller"",""h"": ""30.15,1.35,-18.46"",""l"": ""30.19,1.08,-18.01"",""r"": ""30.38,1.12,-18.13""}"
15,Optimized ,True,448.1491,gaze_sample,"{""target"": ""lasers""}"
15,Optimized ,True,448.2605,gaze_sample,"{""target"": ""lasers""}"
15,Optimized ,True,448.2882,head_tracking,"{""input_type"": ""Controller"",""h"": ""29.92,1.35,-18.93"",""l"": ""29.97,1.08,-18.47"",""r"": ""30.15,1.13,-18.60""}"
15,Optimized ,True,448.3714,gaze_sample,"{""target"": ""lasers""}"
15,Optimized ,True,448.4824,gaze_sample,"{""target"": ""lasers""}"
15,Optimized ,True,448.4963,head_tracking,"{""input_type"": ""Controller"",""h"": ""29.70,1.31,-19.39"",""l"": ""29.75,1.03,-18.94"",""r"": ""29.93,1.09,-19.06""}"
15,Optimized ,True,448.5934,gaze_sample,"{""target"": ""lasers""}"
15,Optimized ,True,448.7047,head_tracking,"{""input_type"": ""Controller"",""h"": ""29.46,1.14,-19.86"",""l"": ""29.51,0.88,-19.41"",""r"": ""29.66,0.96,-19.54""}"
15,Optimized ,True,448.7047,gaze_sample,"{""target"": ""lasers""}"
15,Optimized ,True,448.8159,gaze_sample,"{""target"": ""lasers""}"
15,Optimized ,True,448.9134,head_tracking,"{""input_type"": ""Controller"",""h"": ""29.27,1.03,-20.35"",""l"": ""29.33,0.76,-19.89"",""r"": ""29.43,0.88,-20.04""}"
15,Optimized ,True,448.9279,gaze_sample,"{""target"": ""gate-lasers""}"
15,Optimized ,True,449.0377,gaze_sample,"{""target"": ""gate-lasers""}"
15,Optimized ,True,449.1207,head_tracking,"{""input_type"": ""Controller"",""h"": ""29.34,0.90,-20.85"",""l"": ""29.41,0.65,-20.41"",""r"": ""29.48,0.79,-20.58""}"
15,Optimized ,True,449.1485,gaze_sample,"{""target"": ""gate-lasers""}"
15,Optimized ,True,449.2601,gaze_sample,"{""target"": ""gate-lasers""}"
15,Optimized ,True,449.3296,head_tracking,"{""input_type"": ""Controller"",""h"": ""29.45,0.36,-21.30"",""l"": ""29.51,0.11,-20.85"",""r"": ""29.60,0.23,-21.00""}"
15,Optimized ,True,449.3712,gaze_sample,"{""target"": ""lasers""}"
15,Optimized ,True,449.4821,gaze_sample,"{""target"": ""room-small""}"
15,Optimized ,True,449.5382,head_tracking,"{""input_type"": ""Controller"",""h"": ""29.49,-0.61,-21.33"",""l"": ""29.53,-0.87,-20.87"",""r"": ""29.70,-0.77,-21.01""}"
15,Optimized ,True,449.5937,gaze_sample,"{""target"": ""room-small""}"
15,Optimized ,True,449.7045,gaze_sample,"{""target"": ""Cube""}"
15,Optimized ,True,449.7479,head_tracking,"{""input_type"": ""Controller"",""h"": ""29.50,-2.00,-21.35"",""l"": ""29.53,-2.26,-20.86"",""r"": ""29.70,-2.17,-21.01""}"
15,Optimized ,True,449.8161,gaze_sample,"{""target"": ""Cube""}"
15,Optimized ,True,449.927,gaze_sample,"{""target"": ""Cube""}"
15,Optimized ,True,449.9548,head_tracking,"{""input_type"": ""Controller"",""h"": ""29.51,-3.81,-21.37"",""l"": ""29.51,-4.07,-20.86"",""r"": ""29.72,-3.99,-21.02""}"
15,Optimized ,True,450.1628,head_tracking,"{""input_type"": ""Controller"",""h"": ""29.52,-6.04,-21.38"",""l"": ""29.50,-6.31,-20.86"",""r"": ""29.72,-6.23,-21.02""}"
15,Optimized ,True,450.3721,head_tracking,"{""input_type"": ""Controller"",""h"": ""29.52,-8.72,-21.39"",""l"": ""29.50,-8.99,-20.86"",""r"": ""29.73,-8.91,-21.01""}"
15,Optimized ,True,450.5803,head_tracking,"{""input_type"": ""Controller"",""h"": ""29.53,-11.80,-21.40"",""l"": ""29.51,-12.09,-20.86"",""r"": ""29.73,-12.01,-21.02""}"
